# E_01
nan
9.999891092661898906e-01
9.999564414534585222e-01
9.999020097210076230e-01
9.998258359862258748e-01
9.997279509019553201e-01
9.996083938251371093e-01
9.994672127764360203e-01
9.993044643910440339e-01
9.991202138607413463e-01
9.989145348673583724e-01
9.986875095077863973e-01
9.984392282107036332e-01
9.981697896452180752e-01
9.978793006216091221e-01
9.975678759844108789e-01
9.972356384980570754e-01
9.968827187253255229e-01
9.965092548988681020e-01
9.961153927860615376e-01
9.957012855474800528e-01
9.952670935892323767e-01
9.948129844064647065e-01
9.943391324379740048e-01
9.938457189008843562e-01
9.933329316170090850e-01
9.928009648395662579e-01
9.922500190755871863e-01
9.916803009043405615e-01
9.910920227920717585e-01
9.904854029033469676e-01
9.898606649093244503e-01
9.892180377932280333e-01
9.885577556533196031e-01
9.878800575036433829e-01
9.871851870728302059e-01
9.864733926012086984e-01
9.857449266364967100e-01
9.850000458283078020e-01
9.842390107719434234e-01
9.834620858250801012e-01
9.826695387673249904e-01
9.818616406579504519e-01
9.810386656297915842e-01
9.802008906815052880e-01
9.793485954700619223e-01
9.784820621036056654e-01
9.776015749348626604e-01
9.767074203552106315e-01
9.757998865895490814e-01
9.748792634920862010e-01
9.739458423431491818e-01
9.729999156471186295e-01
9.720417769315724543e-01
9.710717205477276126e-01
9.700900414722446463e-01
9.690970351280252526e-01
9.680929972564923380e-01
9.670782236062261950e-01
9.660530097739103983e-01
9.650176510219456993e-01
9.639724420898254653e-01
9.629176770072467306e-01
9.618536489089902775e-01
9.607806498516229254e-01
9.596989706320739888e-01
9.586089006081335295e-01
9.575107275209338020e-01
9.564047373194708435e-01
9.552912139872369313e-01
9.541704393710439547e-01
9.530426930121055351e-01
9.519082519794876962e-01
9.507673907127988100e-01
9.496203809633879667e-01
9.484674915053791233e-01
9.473089879813066938e-01
9.461451327761722929e-01
9.449761848675241049e-01
9.438023996788134085e-01
9.426240289362119995e-01
9.414413205290709241e-01
9.402545183742385682e-01
9.390638622844381667e-01
9.378695878409398778e-01
9.366719262707537963e-01
9.354711043285793837e-01
9.342673441837735515e-01
9.330608633125639928e-01
9.318514688546987168e-01
9.306395471685235954e-01
9.294252695378519835e-01
9.282087981117161934e-01
9.269902874323843189e-01
9.257698843844115455e-01
9.245477281049421237e-01
9.233239499080986290e-01
9.220986732239710992e-01
9.208720135526273776e-01
9.196440784335586649e-01
9.184149674308640376e-01
9.171847721344641435e-01
9.159535761775252638e-01
9.147214552702047641e-01
9.134884772497803285e-01
9.122547021470905904e-01
9.110201822691691431e-01
9.097849622978408934e-01
9.085490794529814673e-01
9.073125636632781710e-01
9.060754375566775209e-01
9.048377166867334065e-01
9.035994097073071218e-01
9.023605185572494136e-01
9.011210386570724928e-01
8.998809591166906374e-01
8.986402629533379871e-01
8.973989273186411264e-01
8.961569237338444793e-01
8.949142183321115995e-01
8.936707721068278820e-01
8.924265411648175661e-01
8.911814769833478200e-01
8.899355266698739664e-01
8.886886332234021912e-01
8.874407358174726257e-01
8.861917701553223559e-01
8.849416685630172585e-01
8.836903602931341917e-01
8.824377717929036136e-01
8.811838269547611624e-01
8.799284473621294955e-01
8.786715525297226215e-01
8.774130601377638783e-01
8.761528862595510114e-01
8.748909455818942860e-01
8.736271516180118546e-01
8.723614169125311069e-01
8.710936532383241060e-01
8.698237717849616191e-01
8.685516833386266455e-01
8.672772984533989593e-01
8.660005276166505839e-01
8.647212814610909515e-01
8.634394708503851934e-01
8.621550070079342376e-01
8.608678016614428330e-01
8.595777671637989670e-01
8.582848166059834361e-01
8.569888639222407178e-01
8.556898239877804846e-01
8.543876127092545625e-01
8.530821471083273044e-01
8.517733453986233716e-01
8.504611270563630088e-01
8.491454128850082217e-01
8.478261250742248345e-01
8.465031872534926061e-01
8.451765245406702709e-01
8.438460635858393566e-01
8.425117326107269822e-01
8.411734614440157243e-01
8.398311815528405333e-01
8.384848260707488121e-01
8.371343298224074303e-01
8.357796293453320091e-01
8.344206629088747329e-01
8.330573705307372512e-01
8.316896939912272746e-01
8.303175768015490510e-01
8.289409639257170337e-01
8.275598023629846534e-01
8.261740409862690093e-01
8.247836304733040524e-01
8.233885233116319258e-01
8.219886738026461748e-01
8.205840380648434795e-01
8.191745740363899353e-01
8.177602414771506512e-01
8.163410019702712628e-01
8.149168189234257120e-01
8.134876575698061218e-01
8.120534849689602375e-01
8.106142700075238405e-01
8.091699833999360658e-01
8.077205976891839168e-01
8.062660872476248297e-01
8.048064282779389123e-01
8.033415988142491582e-01
8.018715787234190762e-01
8.003963497065795796e-01
7.989158953008922426e-01
7.974302008815513654e-01
7.959392536640510496e-01
7.944430427067096234e-01
7.149790032443884558e-01
7.129755461563258567e-01
7.109674721220079485e-01
7.089548085403551969e-01
7.069375855334072423e-01
7.049158358568263782e-01
7.028895948860104381e-01
7.008589006036887170e-01
6.988237935889340946e-01
6.967843170075442849e-01
6.722662700591374163e-01
6.701008905564851403e-01
6.679319782003835249e-01
6.603071679801070237e-01
6.526209973814814935e-01
6.448772940921332353e-01
6.370799413577422632e-01
6.292328754588806250e-01
6.213400827990835928e-01
6.134055966414273531e-01
6.084125303456565659e-01
5.944200936190157103e-01
5.919744896499867792e-01
3.818270250875021032e-01
3.783140491833132946e-01
3.748218732505303463e-01
3.713509797478964924e-01
3.679018524190872386e-01
3.644749755957918946e-01
3.610708336249479622e-01
3.576899125853012507e-01
3.543326990187224412e-01
3.509996796460890800e-01
3.476913411492155714e-01
3.444081699612500658e-01
3.411506520692076938e-01
3.379192728324935668e-01
3.347145168213241373e-01
3.315368676790152458e-01
3.283868080120142530e-01
3.252648193114360264e-01
3.221713819096213016e-01
3.191069749749292916e-01
3.160720765475944494e-01
3.130671636189836793e-01
3.100927122561514260e-01
3.071491977729057243e-01
3.042370949481497111e-01
3.013568782915536648e-01
2.985090223561034373e-01
2.956940020964951010e-01
2.929122932718496441e-01
2.901643728908065989e-01
2.869005500862042979e-01
2.829561846703800843e-01
2.791561963680808112e-01
2.754869262914704242e-01
2.718636341775314547e-01
2.682884178896935978e-01
2.654551283502643577e-01
2.619729394747876139e-01
2.593999612228144458e-01
2.566127664401516295e-01
2.539109128027758899e-01
2.512985553517887993e-01
2.487326860225987923e-01
2.464661323911896684e-01
2.442292870845342301e-01
2.420538685708901461e-01
2.400070476271922715e-01
2.380065208631010898e-01
2.360529083495843672e-01
2.341468455087639122e-01
2.322889842821679873e-01
2.304799943280278207e-01
2.287205642520424298e-01
2.270114028758473679e-01
2.253532405467272848e-01
2.237468304908484251e-01
2.221929502100582210e-01
2.206924029190026892e-01
2.192460190140004817e-01
2.178546573057894287e-01
2.165192067951533794e-01
2.152405882903575263e-01
2.140197555216964975e-01
2.128576962896805425e-01
2.117554333164921587e-01
2.107140246450999732e-01
2.097345633764721162e-01
2.088181764683950670e-01
2.079660222391454816e-01
2.071792861283681675e-01
2.064591741727450913e-01
2.058069035699080229e-01
3.957320806568423444e-01
2.262018451756719339e-01
2.249291015401087557e-01
2.237126210231431267e-01
2.225530236870713330e-01
2.214507735904474861e-01
2.196130627261553003e-01
2.178116383755764607e-01
2.160473589764409230e-01
2.143209863340226340e-01
2.126331841748515250e-01
2.109845209375440789e-01
2.093754697123509090e-01
2.078064322109210438e-01
2.062777290535271757e-01
2.047896134421179348e-01
2.033422786256916526e-01
2.019358648740672557e-01
2.009524226436159022e-01
2.004018721619440502e-01
1.999066634983475421e-01
1.994663155926505171e-01
1.990803044416343814e-01
1.987480712311352482e-01
1.984690327161275358e-01
1.982425906339845278e-01
1.980681399628965167e-01
1.979450759431622686e-01
1.978032653635018456e-01
1.972085006931435236e-01
1.966517919481542698e-01
1.961330531262969468e-01
1.956522043964046276e-01
1.952091723125935208e-01
1.948038898387725593e-01
1.944362962050684707e-01
1.941063366237017473e-01
1.938139618814435083e-01
1.935591278193963538e-01
1.933417947061014941e-01
1.931619265063420909e-01
1.930194900453633955e-01
1.929144540662889040e-01
1.928467881773464065e-01
1.928164616849217528e-01
1.928234423085218030e-01
1.928676947743801773e-01
1.929491792856317667e-01
1.930678498688717104e-01
1.932236525992011567e-01
1.934165237088002476e-01
1.936463875873799256e-01
1.964297326464760352e-01
1.973037758858306179e-01
1.982264903379862830e-01
1.991966134131882005e-01
2.002129100708223419e-01
2.012741733760085583e-01
2.023792244864272005e-01
2.035269122086866000e-01
2.047161122390378230e-01
2.059457261813520401e-01
2.072146804164072820e-01
2.085219248805899872e-01
2.098664317989861472e-01
2.112471944070825058e-01
2.126632256866952120e-01
2.141135571348495026e-01
2.155972375789552975e-01
2.171133320473637440e-01
2.186609207011528389e-01
2.202390978304732960e-01
2.218469709169045845e-01
2.234836597618355125e-01
2.251482956798878388e-01
2.268400207648751943e-01
2.285579872755693909e-01
2.303013568843956804e-01
2.320693001427171498e-01
2.338609959826239426e-01
2.356756312506367856e-01
2.375124002879412943e-01
2.393705045542101340e-01
2.412491522921398068e-01
2.431475582299081062e-01
2.450649433188956949e-01
2.470005345041090539e-01
2.489535645248845408e-01
2.509232717435406768e-01
2.529088999998174159e-01
2.549096984890182882e-01
2.569249216618995080e-01
2.589538291444817841e-01
2.609956856760439203e-01
2.630497610636776118e-01
2.651153301518733851e-01
2.671916728057126544e-01
2.692780739063355688e-01
2.713738233574141678e-01
2.734782161014774893e-01
2.755905521450008333e-01
2.777101365912325592e-01
2.798362796798297136e-01
2.819682968324177530e-01
2.841055087032566817e-01
2.862472412342860206e-01
2.883928257138276829e-01
2.905415988383226455e-01
2.926929027765097224e-01
2.948460852355159201e-01
2.970004995283374027e-01
2.991555046423067799e-01
3.013104653080821427e-01
3.034647520688382172e-01
3.056177413492836004e-01
3.077688155242268020e-01
3.099173629864069301e-01
3.120627782133538752e-01
3.142044618330676053e-01
3.163418206883026329e-01
3.184742678987551590e-01
3.206012229262411029e-01
3.227221116324948680e-01
3.248363663349702057e-01
3.269434258622226919e-01
3.290427356072255227e-01
3.311337475785621765e-01
3.332159204494606342e-01
3.352887196046299700e-01
3.373516171848929823e-01
3.394040921295906066e-01
3.414456302167730439e-01
3.434757241011751616e-01
3.454938733500028669e-01
3.474995844765376152e-01
3.494923709716036830e-01
3.514717533328595711e-01
3.534372590921849300e-01
3.553884228408885071e-01
3.573247862529506103e-01
3.592458981063504364e-01
3.611513143024834283e-01
3.630405978837527581e-01
3.649133190493675238e-01
3.667690551694176015e-01
3.686073907972619024e-01
3.704279176803033091e-01
3.722302347691966995e-01
3.740139482255455672e-01
3.757786714281478035e-01
3.775240249778480384e-01
3.792496367010319558e-01
3.809551416518495714e-01
3.826401821115928970e-01
3.843044075932730563e-01
3.859474748355103957e-01
3.875690477994024330e-01
3.891687976663800175e-01
3.907464028381825161e-01
3.923015489280192725e-01
3.938339287543001777e-01
3.953432423334879431e-01
3.968291968721521235e-01
3.982915067582490365e-01
3.997298935995550195e-01
4.011440862265001073e-01
4.025338205245965195e-01
4.038988395150718835e-01
4.052388933462539033e-01
4.065537392808976636e-01
4.078431416829761957e-01
4.091068720039635065e-01
4.103447087686283856e-01
4.115564375603733560e-01
4.127418510061277024e-01
4.139007487608400426e-01
4.150329374915603386e-01
4.161382308611593639e-01
4.172164495116854055e-01
4.182674210473801280e-01
4.192909800173669765e-01
4.202869678980314383e-01
4.212552330750979346e-01
4.221956308254170009e-01
4.231080232984830158e-01
4.239922794976687115e-01
4.248482752612118274e-01
4.256758932429353104e-01
4.264750228927323139e-01
4.272455604367876858e-01
4.279874088575730262e-01
4.287004778736026589e-01
4.293846839189373044e-01
4.300399501224707599e-01
4.306662062869622831e-01
4.312633888678394367e-01
4.318314409517560737e-01
4.323703122349024097e-01
4.328799590010763421e-01
4.333603440994837630e-01
4.338114369222960676e-01
4.342332133819283291e-01
4.346256558880473575e-01
4.349887533242957627e-01
4.353225010247263604e-01
4.356269007499279367e-01
4.359019606628506960e-01
4.361476953042833227e-01
4.363641255711843137e-01
4.365512787055555455e-01
4.367091882325122576e-01
4.368378939486099455e-01
4.369374418994987908e-01
4.370078843531160495e-01
4.370492797724551126e-01
4.370616927878825386e-01
4.370451941689952879e-01
4.369998607960017267e-01
4.369257756305985341e-01
4.368230276863261929e-01
4.366917119983918516e-01
4.365319295929254717e-01
4.363437874556540530e-01
4.361273984999753939e-01
4.358828815344029106e-01
4.356103612293625860e-01
4.353099680833084628e-01
4.349818383881529082e-01
4.346261141939598005e-01
4.342429432729039140e-01
4.338324790824423793e-01
4.333948807276961634e-01
4.329303129229977176e-01
4.324389459525894708e-01
4.319209556304342001e-01
4.313765232591199039e-01
4.308058355878262025e-01
4.302090847693149644e-01
4.295864683159379416e-01
4.289381890546064557e-01
4.282644550807085393e-01
4.275654797109416649e-01
4.268414814350294240e-01
4.260926838662847382e-01
4.253193156910050066e-01
4.245216106166558312e-01
4.236998073188124048e-01
4.228541493868328560e-01
4.219848852682375195e-01
4.210922682117528293e-01
4.201765562089896378e-01
4.192380043598430417e-01
4.182768661304538393e-01
4.172934130167746947e-01
4.162879210201351210e-01
4.152606705849739566e-01
4.142119465281869917e-01
4.131420379708578561e-01
4.120512382684079489e-01
4.109398449391351571e-01
4.098081595911197139e-01
4.086564878474767681e-01
4.074851392699347929e-01
4.062944272807089141e-01
4.050846690826671037e-01
4.038561855777660914e-01
4.026093012837346219e-01
4.013443442490061130e-01
4.000616459658820068e-01
3.987615412819101035e-01
3.974443683095028046e-01
3.961104683337519639e-01
3.947601857184754870e-01
3.933938678104770270e-01
3.920118648420496399e-01
3.906145298317074688e-01
3.892022184831833709e-01
3.877752890827016463e-01
3.863341023945478514e-01
3.848790215549791061e-01
3.834104119644801134e-01
3.819286411784419966e-01
3.804340787962677828e-01
3.789270963489815847e-01
3.774080671853982660e-01
3.758773663568830692e-01
3.743353705008144461e-01
3.727824577227896174e-01
3.712190074776699489e-01
3.696454004495526302e-01
3.680620184307624720e-01
3.664666491072987031e-01
3.648557255133475508e-01
3.632296003623821656e-01
3.615886313747366798e-01
3.599331812684594123e-01
3.582636177496401064e-01
3.565803134781571071e-01
3.548836460559277040e-01
3.531739980765481457e-01
3.514517570766773069e-01
3.497173155222739749e-01
3.479710707948034942e-01
3.462134251765993653e-01
3.444447858353195668e-01
3.426655648074533600e-01
3.408761789807984166e-01
3.390770500758625294e-01
3.372686046261058612e-01
3.354512739569703861e-01
3.336254941636059290e-01
3.317917060872246360e-01
3.299503552900033831e-01
3.281018920284397566e-01
3.262467712250740060e-01
3.243854524384905957e-01
3.225183998314931633e-01
3.206460821373529058e-01
3.187689726240204857e-01
3.168875490561942065e-01
3.150022936551241104e-01
3.131136930560310949e-01
3.112222382630232542e-01
3.093284246013565664e-01
3.074327516669381199e-01
3.055357232728923011e-01
3.036378473930840260e-01
3.017396361024129448e-01
2.998416055137488878e-01
2.979442757113391349e-01
2.960481706805206392e-01
2.941538182335723950e-01
2.922617499315387501e-01
2.903725010018345376e-01
2.884866102514650477e-01
2.866046199756693280e-01
2.847270758617975184e-01
2.828545268882375341e-01
2.809875252181937566e-01
2.791266260881318795e-01
2.772723876906815210e-01
2.754253710223690810e-01
2.735861396498270315e-01
2.717552598322628410e-01
2.699333002795629710e-01
2.681208319822975805e-01
2.663184280574242835e-01
2.645266635871296734e-01
2.627461154506156027e-01
2.609773621486976003e-01
2.592209836210276896e-01
2.574775610557997751e-01
2.557476766918185263e-01
2.540319136127723310e-01
2.523308555336422065e-01
2.506450865791257643e-01
2.489751910540045632e-01
2.473217532054226009e-01
2.456853569770189316e-01
2.440665857549245144e-01
2.424660221056270382e-01
2.408842475057693111e-01
2.393218420639412203e-01
2.377793842345776454e-01
2.362574505241132883e-01
2.347566151895556785e-01
2.332774499297126103e-01
2.318205235693052146e-01
2.303864017362750594e-01
2.289756465326223123e-01
2.275888161991375669e-01
2.262264647744762214e-01
2.248891417490092026e-01
2.235773917139969313e-01
2.222917540066131625e-01
2.210327623514427575e-01
2.198009444990854933e-01
2.185968218625624626e-01
2.174209091522517068e-01
2.162737140101403943e-01
2.151557366441844699e-01
2.140674694636367503e-01
2.130093967162315360e-01
2.119819941281132492e-01
2.109857285474803501e-01
2.100210575924193468e-01
2.090884292920682785e-01
2.081882817662734642e-01
2.073210428940898686e-01
2.064871299849092012e-01
2.056869494650312991e-01
2.049208965748705868e-01
2.041893550778147715e-01
2.034926969816450160e-01
1.958212344279531281e-01
1.944090855455618272e-01
1.930932083514633191e-01
1.918745470230389383e-01
1.907537992403522953e-01
1.897314080365209987e-01
1.888075592015454607e-01
1.879821842907958285e-01
1.872549689276790941e-01
1.866253657783546183e-01
1.860926113491818412e-01
1.856557456312218080e-01
1.853136335893001141e-01
1.850649875497273611e-01
1.849083896569321817e-01
1.848423137190039200e-01
1.848651459227184657e-01
1.849752040528748198e-01
1.851707549876719372e-01
1.854500303561258390e-01
1.858112403337794649e-01
1.862525856205607955e-01
1.867722676924879199e-01
1.873684974502171641e-01
1.880395024056298325e-01
1.887835325557759569e-01
1.895988650940747533e-01
1.904838975961991587e-01
1.914368730938284247e-01
1.924561707077696582e-01
1.935402065260724003e-01
1.946874345164454900e-01
1.958963469903337029e-01
1.971654746981835460e-01
1.984933866249309620e-01
1.998786895451223344e-01
2.013200274071622331e-01
2.028160805485225704e-01
2.043655647667469988e-01
2.059672303689348838e-01
2.076198611430789820e-01
2.093222732936201036e-01
2.110733143580212356e-01
2.128718621667705369e-01
2.147168111393134016e-01
2.166070966170507428e-01
2.185416809896178758e-01
2.205195526672292239e-01
2.225397250820939643e-01
2.246012357214935973e-01
2.267031451942432829e-01
2.288445363315933512e-01
2.310245133230642567e-01
1.569871936410493218e-01
1.560418177066462408e-01
1.545908201107257518e-01
1.532191638522653887e-01
1.519268542808979161e-01
1.510346648569066141e-01
1.498962074539048894e-01
1.491752363808038495e-01
1.477336679431353328e-01
1.463538316168346565e-01
1.450318679559583768e-01
1.417460050886535650e-01
1.404325142086949307e-01
1.393493279525251094e-01
1.383286898869408588e-01
1.373705826966206411e-01
1.364748238263116253e-01
1.363083431765887699e-01
1.355282059710431752e-01
1.348094078514297800e-01
1.348260710319984512e-01
1.342198875995554985e-01
1.336737461192794851e-01
1.338649284614086554e-01
1.334286093423663888e-01
1.330513590334380658e-01
1.334101720219507126e-01
1.331418093019116344e-01
1.336092939346072705e-01
1.334476446173616937e-01
1.333445449684171336e-01
1.339713774972355886e-01
1.339756354962161056e-01
1.266169691479978598e-01
1.272915610428688726e-01
1.280391280515267016e-01
1.293893811599241828e-01
1.307951749426257693e-01
1.322557866890633205e-01
1.337705310912164769e-01
1.353387585444455476e-01
1.369598535805041928e-01
1.386332334206304140e-01
1.403583466382344880e-01
1.421346719220891175e-01
1.439617169322644497e-01
1.458390172422402986e-01
1.477538628169090540e-01
1.495679905748804051e-01
1.514303520413856352e-01
1.534824219951411162e-01
1.555782241417470457e-01
1.577470267790560265e-01
1.599635726145816061e-01
1.622275912842175705e-01
1.645388341799085552e-01
1.668970740743336845e-01
1.693021048040050935e-01
1.717537410089766126e-01
1.742518179268861822e-01
1.767961912384291012e-01
1.793867369604817963e-01
1.820233513820951055e-01
1.847059510373167401e-01
1.874344727072428385e-01
1.902088734419413174e-01
1.930291305906911559e-01
1.958952418265271223e-01
1.988072251480919039e-01
2.017651188384666505e-01
2.047689813567699635e-01
2.078188911332446154e-01
2.109149462262802088e-01
2.140572638434814490e-01
2.172459796217354744e-01
2.204812466453108799e-01
2.237632341504010025e-01
2.270921258496713668e-01
2.304681178115033646e-01
2.338914158263566967e-01
2.373622321931965762e-01
2.408807818634404185e-01
2.444472778894237752e-01
2.480619261405015430e-01
2.517251908383973946e-01
2.554369682780300299e-01
2.591974033105757802e-01
2.630066053795324099e-01
2.668646401360517117e-01
2.707715208674698060e-01
2.747272000036187212e-01
2.787315610063731408e-01
2.827844109724761967e-01
2.868854393268635006e-01
2.910342781254737221e-01
2.952304757718622885e-01
2.994734879918151682e-01
3.037626791740251631e-01
3.080973237741073123e-01
3.124766102921442412e-01
3.168996463295562505e-01
3.213654651705488696e-01
3.258730333683081959e-01
3.304212589976605052e-01
3.350090002417408508e-01
3.396350740081049979e-01
3.442982643133886134e-01
3.489973302284605228e-01
3.537310132313149502e-01
3.584980438678095904e-01
3.632971476672645084e-01
3.681270502989666960e-01
3.729864819861312686e-01
3.778741812160964497e-01
3.827888978003956000e-01
3.877293953469825305e-01
3.926944533846428165e-01
3.976828687406298579e-01
4.026934564015428042e-01
4.077250504680534071e-01
4.127765046443012675e-01
4.178466924954610251e-01
4.229345075159661738e-01
4.280388630450051579e-01
4.331586920606718127e-01
4.382929468793925754e-01
4.434405987830100093e-01
4.486006375921455791e-01
4.537720712012444091e-01
4.589539250878855170e-01
4.641452418065917240e-01
4.693450804753606098e-01
4.745525162614497861e-01
4.797666398715587643e-01
4.849865570503823498e-01
4.902113880905690224e-01
4.954402673563081949e-01
5.006723428221760974e-01
5.059067756283193162e-01
5.111427396526565525e-01
5.163794211004613111e-01
5.216160181114138927e-01
5.268517403840085045e-01
5.320858088170647981e-01
5.373174551679503752e-01
5.425459217270467427e-01
5.477704610079427994e-01
5.529903354527579973e-01
5.582048171520160862e-01
5.634131875784491594e-01
5.686147373341120526e-01
5.738087659102020233e-01
5.789945814589706474e-01
5.841715005771507263e-01
5.893388481003216661e-01
5.944959569076606609e-01
5.996421677365634251e-01
6.047768290066342090e-01
6.098992966524956483e-01
6.150089339608311167e-01
6.201051114860982594e-01
6.251872070768371703e-01
6.302546052798672083e-01
6.353066965673574984e-01
6.403428751813085018e-01
6.453625458126694969e-01
6.503651195978981114e-01
6.553500140136536700e-01
6.603166527766619609e-01
6.652644657485009549e-01
6.701928888450313648e-01
6.751013639502545516e-01
6.799893388343603018e-01
6.848562670757576409e-01
6.897016079868905081e-01
6.945248265436467783e-01
6.993253933181848847e-01
7.041027844150070658e-01
7.088564814101252498e-01
7.135859712931680310e-01
7.182907464122819663e-01
7.229703044217066221e-01
7.276241482318814846e-01
7.322517859619785963e-01
7.368527308947421250e-01
7.414265014335222892e-01
7.459726210614170405e-01
7.504906183024174782e-01
7.549800266844577390e-01
7.594403847043020850e-01
7.638712357941757070e-01
7.682721282900613069e-01
7.726426154015935133e-01
7.769822551834844049e-01
7.812906105084012065e-01
7.855672490412475284e-01
7.898117432147804262e-01
7.940236702065136543e-01
7.982026119168408318e-01
8.023481540114085764e-01
8.064598888428158308e-01
8.105374123496256189e-01
8.145803251177149429e-01
8.185882323637933000e-01
8.225607439302980994e-01
8.264974743901658538e-01
8.303980428209909448e-01
8.342620728346407111e-01
8.380891926053293250e-01
8.418790348582750882e-01
8.456312368591101247e-01
8.493454404040012840e-01
8.530212859329929787e-01
8.566584303884310359e-01
8.602565294340978053e-01
8.638152431712535773e-01
8.673342361366506159e-01
8.708131773009402110e-01
8.742517400674565398e-01
8.776496022713513590e-01
8.810064461790680923e-01
8.843219584881413242e-01
8.875958303272952765e-01
8.908277572568359393e-01
8.940174392693144290e-01
8.971645807904495840e-01
9.002688906802990276e-01
9.033300822346559400e-01
9.063478731866669857e-01
9.093219857086557445e-01
9.122521464141346570e-01
9.151380863600031557e-01
9.179795410489052232e-01
9.207762504317557051e-01
9.235279589104022913e-01
9.262344153404278302e-01
9.288953730340783199e-01
9.315105897633015886e-01
9.340798277628965529e-01
9.366028537337538484e-01
9.390794388461825015e-01
9.415093587433203126e-01
9.438923935446061897e-01
9.462283278493149874e-01
9.485169507401454148e-01
9.507580557868549054e-01
9.529514410499256849e-01
9.550969090842631459e-01
9.571942669429225337e-01
9.592433261952270085e-01
9.612439029193796669e-01
9.631958176916244341e-01
9.650988956011493647e-01
9.669529662537412751e-01
9.687578637754215016e-01
9.705134268160499067e-01
9.722194985528980204e-01
9.738759266941865445e-01
9.754825634825687874e-01
9.770392656985762425e-01
9.785458946640049893e-01
9.800023162452415892e-01
9.814084008565273631e-01
9.827640234631540572e-01
9.840690635845916745e-01
9.853234052975294865e-01
9.865269372388496549e-01
9.876795526085093702e-01
9.887811491723357271e-01
9.898316292647362236e-01
9.908308997913088945e-01
9.917788722313645167e-01
9.926754626403400117e-01
9.935205916521283598e-01
9.943141844812957153e-01
9.950561709252107034e-01
9.957464853660766835e-01
9.963850667728875177e-01
9.969718587033244983e-01
9.975068093056473906e-01
9.979898713206796224e-01
9.984210020841184363e-01
9.988001635297301117e-01
9.991273221949295014e-01
9.994024492332878040e-01
9.996255204504449488e-01
9.997965164400690607e-01
9.999154233513548595e-01
9.999822425032161011e-01
9.999970337549666244e-01
9.999595148675446410e-01
9.998699910678519043e-01
9.997283747841462231e-01
9.995346746900539703e-01
9.992889072565720454e-01
9.989910940058344124e-01
9.986412611656494409e-01
9.982394395950253685e-01
9.977856647619655073e-01
9.972799767348967670e-01
9.967224201784554705e-01
9.961130443508399157e-01
9.954519031017540209e-01
9.947390548705565827e-01
9.939745626844523896e-01
9.931584941566589109e-01
9.922909214844952697e-01
9.913719214473897257e-01
9.904015754047954534e-01
9.893799692940044022e-01
9.883071936278622349e-01
9.871833434923886763e-01
9.860085185442999389e-01
9.847828230084350043e-01
9.835063656750925309e-01
9.821792598972816091e-01
9.808016235878831424e-01
9.793735792167330700e-01
9.778952538076293166e-01
9.763667789352620252e-01
9.747882907220792870e-01
9.731599298350841476e-01
9.714818414825737714e-01
9.697541754108258694e-01
9.679770859007288397e-01
9.661507317643732717e-01
9.642752763416017059e-01
9.623508874965205351e-01
9.603777376139879252e-01
9.583560035960805301e-01
9.562858668585347832e-01
9.541675133271916298e-01
9.520011334344198328e-01
9.497869221155609276e-01
9.475250788053690698e-01
9.452158074344743088e-01
9.428593164258671777e-01
9.404558186677040021e-01
9.380055313136076434e-01
9.355086761369084680e-01
9.329654794394306450e-01
9.303761719941912034e-01
9.277409890420248439e-01
9.250601702882881305e-01
9.223339598996556088e-01
9.195626065010096273e-01
9.167463631724408479e-01
9.138854874463658851e-01
9.109802413047743963e-01
9.080308911766148405e-01
9.050377079353320031e-01
9.020009668965649485e-01
8.989209478160172795e-01
8.957979348875180214e-01
8.926322167412782393e-01
8.894240864423560433e-01
8.861738414893518545e-01
8.828817838133348195e-01
8.795482197770354560e-01
8.761734601742843243e-01
8.727578202297550103e-01
8.693016195989905492e-01
8.658051823687502591e-01
8.622688370576856443e-01
8.586929166173682404e-01
8.550777584336786141e-01
8.514237043285832751e-01
8.477311005623178186e-01
8.440002957123673433e-01
8.402316751788000415e-01
8.364255720185801435e-01
8.325823503200346920e-01
8.287023786278546744e-01
8.247860299481492019e-01
8.208336790991114240e-01
8.168457455578687076e-01
8.128225827066860587e-01
8.087645815065636068e-01
8.046721374145356931e-01
8.005456503925080236e-01
7.963855186614670068e-01
7.921922029765563478e-01
7.879660735518261294e-01
7.837075485965123711e-01
7.794170508111792905e-01
7.750950008829916582e-01
7.707418897745097475e-01
7.663581037416552499e-01
7.619440839249176367e-01
7.575002761040714461e-01
7.530271198665960952e-01
7.485251452363654856e-01
7.439947505017425744e-01
7.394364002557912707e-01
7.348505563785089345e-01
7.302377676794890027e-01
7.255984485598422351e-01
7.209330828173137196e-01
7.162421518582908764e-01
7.115262304953839934e-01
7.067857461155342413e-01
7.020212022130747354e-01
6.972330949519647270e-01
6.924220366712584562e-01
6.875884626452613002e-01
6.827328961122911544e-01
6.778559476400847217e-01
6.729580737109640554e-01
6.680398138694652044e-01
6.631016932645714679e-01
6.581443901208710034e-01
6.531683554523977087e-01
6.481741326967462857e-01
6.431624198382752677e-01
6.381336799115495673e-01
6.330884691364504491e-01
6.280275183974923792e-01
6.229512971032507007e-01
6.178603664896853420e-01
6.127555083108666700e-01
6.076371851983142225e-01
6.025061381284417816e-01
5.973628716593171184e-01
5.922079781880755789e-01
5.870422862388258167e-01
5.818662694744793917e-01
5.766807323700744448e-01
5.714861919066138718e-01
5.662832390779607428e-01
5.610728244436855583e-01
5.558553569952084938e-01
5.506317952203063637e-01
5.454025647731490789e-01
5.401686467872488517e-01
5.349304687687963522e-01
5.296890528893813954e-01
5.244448099511094252e-01
5.191988258417646884e-01
5.139514717383522058e-01
5.087038961823341365e-01
5.034568093440536796e-01
4.982107103656807645e-01
4.929667309615530235e-01
4.877252614864564517e-01
4.824875488492872400e-01
4.772543966794006720e-01
4.720262289344437923e-01
4.668043504284206668e-01
4.615896282898906966e-01
4.563824397777973552e-01
4.511841967833888356e-01
4.459958223228690510e-01
4.408182518600479716e-01
4.356518546207312492e-01
4.304981774601510658e-01
4.253582162531313049e-01
4.202329879166006310e-01
4.151235316890867222e-01
4.100309105337943127e-01
4.049562126784690408e-01
3.999005388932853622e-01
3.948643058827137065e-01
3.898493995852642113e-01
3.848570265192976514e-01
3.798884285721074727e-01
3.749448856339137048e-01
3.700277184481620130e-01
3.651382916690502634e-01
3.602780170993454267e-01
3.554483570539574977e-01
3.506508276821890258e-01
3.458870018345295838e-01
3.411585128093500563e-01
3.364670562220349326e-01
3.318143907745743082e-01
3.272023370933002107e-01
3.226327735097928029e-01
3.181076274673871329e-01
3.136288609674553474e-01
3.091984483352263613e-01
3.048183447570212978e-01
3.004904439087353052e-01
2.962165346882252859e-01
2.919979277363902170e-01
2.878336757293246118e-01
2.837242950683679932e-01
2.796700061926628567e-01
2.756707529836730508e-01
2.717262385603211872e-01
2.678359716568607385e-01
2.639993170552400459e-01
2.602155443745619579e-01
2.564838712573180857e-01
2.528034989079767092e-01
2.491736395272302340e-01
2.455935362399854494e-01
2.420624766594093868e-01
2.385798013941587692e-01
2.351449087395242887e-01
2.317572566149294078e-01
2.284163625985289880e-01
2.251218027082846351e-01
2.218732094071305672e-01
2.186702691727683279e-01
2.155127198681395795e-01
2.124003480713988479e-01
2.093329864686657160e-01
2.063105113738041285e-01
2.033328404123802002e-01
2.003999303888159556e-01
1.975117753436629875e-01
1.946684048002840228e-01
1.918698821955418798e-01
1.891163034864681292e-01
1.864077959244471172e-01
1.837445170349508716e-01
1.811266536218232026e-01
1.785544209762764123e-01
1.760280622571838149e-01
1.735478479639413762e-01
1.711140755278504622e-01
1.687270690173151566e-01
1.663871789532423429e-01
1.640947822322053329e-01
1.618502821560214577e-01
1.596541085676096428e-01
1.575067180941459588e-01
1.554085944998297442e-01
1.533602491518757382e-01
1.513622216047856295e-01
1.494150803095201652e-01
1.475194234559125128e-01
1.456758799586067021e-01
1.438851105990041068e-01
1.421478093381844943e-01
1.404647048187044889e-01
1.388365620764120123e-01
1.372641844873908612e-01
1.357484159795050438e-01
1.342901435432654056e-01
1.328903000826198721e-01
1.315498676530360012e-01
1.302698811417173919e-01
1.290504069459397773e-01
1.278907789519774796e-01
1.267918418203216324e-01
1.257544977817720566e-01
1.247797102552797577e-01
1.238685077350811375e-01
1.230219879464631572e-01
1.222413222455783766e-01
1.215277601993920847e-01
1.208826342204740723e-01
1.203073640387274101e-01
1.198034606569984284e-01
1.193725292477747779e-01
1.190162701939973811e-01
1.187364771591640222e-01
1.185350307151344373e-01
1.184138857305453291e-01
1.183750505838004063e-01
1.184205564842684549e-01
1.185524161367447482e-01
1.187725728378750817e-01
1.190828437363843223e-01
1.194848639032239646e-01
1.199800398554703995e-01
1.205695209948712820e-01
1.212541944780932968e-01
1.220347040728698707e-01
1.229114884218375503e-01
1.238848307354305928e-01
1.249549111490832060e-01
1.261218544055406343e-01
1.273857680310203355e-01
1.287467686732723660e-01
1.302049961414056267e-01
1.317606158020757645e-01
1.334138105107944561e-01
1.510931286092442594e-01
1.515391489086804211e-01
1.520945581311856365e-01
1.527605413320047567e-01
1.535380318556530399e-01
1.544276923327754791e-01
1.554298971125754603e-01
1.565447262699284636e-01
1.577719623710294727e-01
1.591110934002033239e-01
1.605613212913865329e-01
1.621215755183527951e-01
1.637905310134245285e-01
1.655666295670358279e-01
1.674481038035202651e-01
1.694330028221502082e-01
1.715192186276327801e-01
1.737045125437107762e-01
1.759865409004846282e-01
1.783628794042409760e-01
1.808310457297871987e-01
1.833885200109099944e-01
1.860327630355242956e-01
1.887612320705577273e-01
1.915713943859784774e-01
1.944607386848430930e-01
1.974267838526066188e-01
2.004670863736142949e-01
2.035792459782867769e-01
2.067609098042446636e-01
2.100097753229256403e-01
2.133235922311135790e-01
2.167001634886237538e-01
2.201373456629778791e-01
2.236330487211327656e-01
2.271852353880926267e-01
2.307919201735477155e-01
2.344511681507105705e-01
2.381610935566095821e-01
2.419199291732678780e-01
2.457258046048434175e-01
2.495769727013035233e-01
2.534717289926478045e-01
2.574084100524288710e-01
2.613853918867992121e-01
2.654010883612935578e-01
2.694539496742387463e-01
2.735424608830012705e-01
2.776651404871589568e-01
2.818205390710077918e-01
2.860072380064971331e-01
2.902238482166913380e-01
2.821259305307253773e-01
2.855446381848119608e-01
2.889860345157129751e-01
2.924492151859138245e-01
2.959332855500717563e-01
2.994373603641423687e-01
3.029605635178577727e-01
3.065020277884921707e-01
3.100608946140240296e-01
3.136363138840161935e-01
3.172274437467008101e-01
3.208334504308990587e-01
3.244535080815356687e-01
3.280867986076368981e-01
3.317325115417847359e-01
3.353898439101171136e-01
3.390580001083076112e-01
3.427361916677010845e-01
3.464236373377618805e-01
3.501195629937008391e-01
3.538232014861565355e-01
3.575337925592857458e-01
3.612505827748598852e-01
3.649728254419395412e-01
3.686997805517081006e-01
3.724307147170933252e-01
3.761649011168294865e-01
3.799016194436466987e-01
3.836401558562819170e-01
3.873798029350727923e-01
3.911198596408365091e-01
3.948596312768547500e-01
3.985984294537142647e-01
4.023355720568284610e-01
4.060703832164425098e-01
4.098021932799641998e-01
4.135303387864578406e-01
4.172541624431558294e-01
4.209730131038483258e-01
4.246862457490352405e-01
4.283932214677095840e-01
4.320933074406712038e-01
4.357858769252643261e-01
4.394703092414442569e-01
4.431459897590815378e-01
4.468123098864197340e-01
4.504686670596167453e-01
4.541144647332709949e-01
4.577491123718976374e-01
4.613720254422631895e-01
4.649826254065209663e-01
4.685803397161057426e-01
4.721646018063115346e-01
4.757348510915209161e-01
4.792905329610219756e-01
4.828310987753848815e-01
4.863560058633393801e-01
4.898647175191254144e-01
4.933567030002830034e-01
4.968314375258333637e-01
5.002884022748371740e-01
5.037270845713709422e-01
5.071469778237507331e-01
5.105475811287109034e-01
5.139283995379775316e-01
5.172889440614955037e-01
5.206287316676498911e-01
5.239472852837163686e-01
5.272441337965357855e-01
5.305188120534041207e-01
5.337708608631821505e-01
5.369998269976257177e-01
5.402052631929420423e-01
5.433867281515807335e-01
5.465437865442778209e-01
5.496760090123646858e-01
5.527829721703592103e-01
5.558642586088601290e-01
5.589194568977695621e-01
5.619481615898571647e-01
5.649499732246807682e-01
5.679244983328927132e-01
5.708713494409032307e-01
5.737901450759214095e-01
5.766805097713216810e-01
5.795420740722954100e-01
5.823744745416958857e-01
5.851773537659570312e-01
5.879503603608899898e-01
5.906931489771582999e-01
5.934053803050934883e-01
5.960867210784809300e-01
5.987368440768646716e-01
6.013554281257964540e-01
6.039421580944175361e-01
6.064967248896577789e-01
6.078778425405192420e-01
6.092251386912499456e-01
6.105379324868700497e-01
6.118155574813234354e-01
6.130573594905978085e-01
6.142626943009694696e-01
6.154309252781576811e-01
6.165614209340830598e-01
6.176535525180584241e-01
6.187066917338264194e-01
6.197202086867641402e-01
6.206934698320092370e-01
6.216258365551557974e-01
6.225166641273588430e-01
6.233653011657989129e-01
6.241710896821731636e-01
6.249333657739286618e-01
6.256514609966148388e-01
6.263247044372245442e-01
6.269524254885082692e-01
6.275339573038485330e-01
6.280686408923820130e-01
6.285558297952154039e-01
6.289948952665092019e-01
6.293852318687529479e-01
6.297262633794969977e-01
6.300174488983090182e-01
6.302582890369167190e-01
6.304432159964122873e-01
6.305768402845487453e-01
6.306588256678545834e-01
6.306889017802767006e-01
6.306668690089310969e-01
6.305926028080175438e-01
6.304660573716108773e-01
6.302872686129005197e-01
6.300563564154574303e-01
6.297735261405461582e-01
6.294390484035172761e-01
6.290533218146046046e-01
6.286168099417484001e-01
6.281300607162858540e-01
6.275937045723752883e-01
6.270084519994125749e-01
6.263750909815092305e-01
6.256944836754072536e-01
6.249675628032556052e-01
6.241953497084438141e-01
6.233788861878069021e-01
6.225192948347966215e-01
6.216232640632154416e-01
6.206865112440022036e-01
6.197103036683466737e-01
6.186959529477338293e-01
6.176448115128589933e-01
6.165582692545852339e-01
6.154377503075751932e-01
6.153448932095723078e-01
6.153945523792792027e-01
6.148785282675361952e-01
6.150357126939360874e-01
6.151593660605978453e-01
6.150730614763892934e-01
6.151298616556737375e-01
6.149767285782934412e-01
6.149672150288543193e-01
6.149247731480180779e-01
6.148495283797935640e-01
6.147416108620372688e-01
6.146011553983488085e-01
6.144283014295930379e-01
6.142231930050165989e-01
6.139859787529324819e-01
6.137168118509142012e-01
6.134158499954832644e-01
6.130832553712537436e-01
6.127191946194694427e-01
6.123238388059401016e-01
6.118973633883019181e-01
6.114399481825814053e-01
6.109517773290304987e-01
6.104330392571787334e-01
6.098839266500772904e-01
6.093046364077017163e-01
6.086953696094538069e-01
6.080563314757524429e-01
6.073877313286610846e-01
6.066897825515067399e-01
6.059627025474766393e-01
6.052067126971395483e-01
6.044220383148519726e-01
6.036089086040292706e-01
6.027675566112338235e-01
6.018982191790448466e-01
6.010011368976884150e-01
6.000765540553741895e-01
5.991247185873311842e-01
5.981458820234781815e-01
5.971402994194884295e-01
5.961082293074059235e-01
5.950499336637163905e-01
5.939656778352753186e-01
5.928557304797006378e-01
5.917203635042987964e-01
5.905598520034596177e-01
5.893744741944753063e-01
5.881645113517937062e-01
5.869302477396516338e-01
5.856719705431068235e-01
5.843899697974271890e-01
5.830845383158365092e-01
5.817559716156145422e-01
5.804045678425213683e-01
5.790306276935669461e-01
5.776344543380995677e-01
5.762163533372348656e-01
5.747766325616109340e-01
5.733156021074882203e-01
5.718335742111985143e-01
5.703308631619494751e-01
5.688077852130148937e-01
5.672646584913242362e-01
5.657018029054567965e-01
5.641195400521072933e-01
5.625181931210099240e-01
5.608980867983879293e-01
5.592595471689492115e-01
5.576029016164784080e-01
5.559284787230711622e-01
5.542366081670619948e-01
5.525276206196987339e-01
5.508018476406240094e-01
5.490596215722237661e-01
5.473012754329186214e-01
5.455271428090641139e-01
5.437375577470321408e-01
5.419328546421207093e-01
5.401133681324202795e-01
5.382794329385403032e-01
5.364313837757772596e-01
5.345695553387017629e-01
5.326942821184807997e-01
5.308058982387096059e-01
5.289047372376139977e-01
5.269911322736091641e-01
5.250654153260676527e-01
5.231279187334256786e-01
5.211789733871498020e-01
5.192188987046705284e-01
5.172479992250146319e-01
5.152666034036408327e-01
5.132750384940706345e-01
5.112736304472591531e-01
5.092627038126535943e-01
5.072425816410889299e-01
5.052135853897422590e-01
5.031760348292901863e-01
5.011302479534756049e-01
4.990765408912753998e-01
4.970152278218322728e-01
4.949466208923725130e-01
4.928710301392763560e-01
4.907887634125029930e-01
4.887001263035523624e-01
4.866053061785328149e-01
4.845047343231674297e-01
4.823987090566048686e-01
4.802875261779637750e-01
4.781714789148169276e-01
4.760508578763391618e-01
4.739259510113061902e-01
4.717970435710954202e-01
4.696644180778740685e-01
4.675283542981165663e-01
4.653891292216232323e-01
4.632470170461739922e-01
4.611022891679695812e-01
4.589552141779890682e-01
4.568060578643908798e-01
4.546550832210719539e-01
4.525020831798192145e-01
4.503420995720660569e-01
4.481755081171193700e-01
4.460026875369834110e-01
4.438240195368458041e-01
4.416398887851465394e-01
4.394506829023049899e-01
4.372567925564914137e-01
4.350586112342880174e-01
4.328565352585767023e-01
4.306509638093225512e-01
4.284422989010961969e-01
4.262309453601491605e-01
4.240173108010328318e-01
4.218018056027444951e-01
4.195848428844060618e-01
4.173668384804461451e-01
4.151482109152808131e-01
4.129293813774957966e-01
4.107107736934862974e-01
4.084928143005794876e-01
4.062759322195894640e-01
4.040605590268134262e-01
4.018471288254521490e-01
3.996360782164192216e-01
3.974278462685499891e-01
3.952228744881639555e-01
3.930216067879823139e-01
3.908244894553649651e-01
3.886319711198610305e-01
3.864445027200307803e-01
3.842625374695250451e-01
3.820865308224049017e-01
3.799169404376491754e-01
3.777542261428509796e-01
3.755988498970534994e-01
3.734512757526937121e-01
3.713119698166338911e-01
3.691814002102352665e-01
3.670600370284352043e-01
3.649483522978074213e-01
3.628468199335427302e-01
3.607559156953257240e-01
3.586761171420598249e-01
3.566079035853990664e-01
3.545517560420370917e-01
3.525081571847170636e-01
3.504775912919046443e-01
3.484605441960828554e-01
3.464548762259036518e-01
3.444599037067654357e-01
3.424759027467150219e-01
3.405031548543761000e-01
3.385419473846045246e-01
3.365925736339137608e-01
3.346553331037213086e-01
3.327305317639607796e-01
3.308184823169664224e-01
3.289195044615738084e-01
3.270339251573711192e-01
3.251620788890705049e-01
3.233043079309467771e-01
3.214609626113545948e-01
3.196324015772957772e-01
3.178189920590577255e-01
3.160211101349322815e-01
3.638581949726151787e-01
3.613790740955028502e-01
3.589550959876247616e-01
3.565872789228647921e-01
3.542766341042650757e-01
3.520241633684056959e-01
3.498308565708020401e-01
3.476976886375442444e-01
3.456256162745812710e-01
3.436155743339555646e-01
3.416684718460643033e-01
3.397851877385462682e-01
3.379665662754092748e-01
3.362134122642667089e-01
3.345264860943146235e-01
3.329064986823415118e-01
3.313541064176239170e-01
3.298699062080784339e-01
3.284544307384456019e-01
3.271081440555914654e-01
3.258314375955578823e-01
3.246246267610998770e-01
3.234879481471956142e-01
3.224215574955779928e-01
3.214255284385243439e-01
3.204998520681161533e-01
3.196444373412526407e-01
3.188591123046189968e-01
3.141422962151367848e-01
3.135418109531006303e-01
3.130103526488736132e-01
3.125473766428882305e-01
3.121522771085373238e-01
3.118243922706376847e-01
3.115630097290857381e-01
3.113673717893625237e-01
3.112366807134143709e-01
3.111701038181222678e-01
3.111667783626206329e-01
3.112258161794519973e-01
3.113463080173293762e-01
3.115273275748142723e-01
3.117679352142315174e-01
3.120671813535274564e-01
3.124241095406126156e-01
3.128377592200662916e-01
3.133071682060383223e-01
3.138313748779915091e-01
3.144094201177018988e-01
3.150403490069129120e-01
3.157232123053179129e-01
3.164570677283679578e-01
3.172409810437555322e-01
1.999220094687587657e-01
1.877539525526847886e-01
1.862634639960961125e-01
1.848204182715304511e-01
1.834252014990624680e-01
1.770696779288953582e-01
1.757640275483529635e-01
1.695837627436372619e-01
1.683738679011631822e-01
1.623800998295665543e-01
1.590651556922087762e-01
1.533343161744626371e-01
1.514177911669415122e-01
1.459223212532448910e-01
1.406039650357656656e-01
1.366370687649019477e-01
1.304966701514581606e-01
1.225887374854861267e-01
2.796314825368565946e-02
2.426948253050991572e-02
2.272122068172421905e-02
2.133200115730536639e-02
2.039447278570285377e-02
1.891897945876120854e-02
1.792324684846918065e-02
1.729327954675745349e-02
1.704027367138746113e-02
1.694378237383642460e-02
1.700085349306285770e-02
1.721370953002619719e-02
1.758423994089770848e-02
1.811386979183678136e-02
1.880338283286903112e-02
1.965271013552888010e-02
2.066073552453675383e-02
2.182519481843557194e-02
2.314272792071308052e-02
2.460908250979138706e-02
2.621940681697006864e-02
2.796854865145429608e-02
2.985130073637767487e-02
3.186257028827673560e-02
3.399563567060197300e-02
3.624410097772390316e-02
3.860408961589577304e-02
4.107192575987095307e-02
4.364412764453998866e-02
4.631739704940796704e-02
4.908860701224074252e-02
5.195478903240623864e-02
5.491312050672939732e-02
5.796091280728415951e-02
6.109560020200444086e-02
6.431472969251866845e-02
6.761595176948355379e-02
7.099701204460573400e-02
7.445574369768728773e-02
7.799006066850341923e-02
8.159795152189698586e-02
8.527747391713447200e-02
8.902674961725456915e-02
9.284395997977094861e-02
9.672734187593254318e-02
1.006751839914166030e-01
1.046858234668884280e-01
1.087576429294543623e-01
1.128890676248415492e-01
1.170785628059840128e-01
1.213246314645092250e-01
1.256258121945815209e-01
1.299806772306007496e-01
1.343878306413279211e-01
1.388459066650567508e-01
1.433535681721642974e-01
1.479095052429678925e-01
1.525124338500974119e-01
1.571610946358442951e-01
1.618542517759037347e-01
1.665906919219152515e-01
1.713692232159457762e-01
1.761886743707877512e-01
1.810478938105889724e-01
1.859457488668125047e-01
1.908811250251262193e-01
1.958529252191127945e-01
2.008600691672002281e-01
2.059014927494839942e-01
2.109761474214328913e-01
2.160829996617582016e-01
2.212210304519537651e-01
2.263892347852311249e-01
2.315866212027916371e-01
2.368122113555255759e-01
2.420650395894176077e-01
2.473441525530436502e-01
2.526486088257282603e-01
2.579774785649818769e-01
2.633298431720055843e-01
2.687047949741057096e-01
2.741014369229772263e-01
2.795188823078609275e-01
2.849562544826985122e-01
2.904126866064242751e-01
2.958873213956392245e-01
3.013793108889367689e-01
3.068878162222126726e-01
3.124120074143453829e-01
3.179510631626548123e-01
3.235041706476130541e-01
3.290705254535099544e-01
3.346493314647643880e-01
3.402398002802546895e-01
3.458411512734238524e-01
3.514526114485808650e-01
3.570734152916132942e-01
3.627028046270268091e-01
3.683400284810121050e-01
3.739843429502250349e-01
3.796350110760123853e-01
3.852913027238135113e-01
3.909524944674844238e-01
3.966178694783289438e-01
4.022867174185930650e-01
4.079583343392300110e-01
4.136320225817400886e-01
4.193070906838868295e-01
4.249828532891333221e-01
4.306586310596146605e-01
4.363337505924992366e-01
4.420075443395977688e-01
4.476793505300598053e-01
4.533485130960432374e-01
4.590143816012179911e-01
4.646763111719917072e-01
4.703336624313427805e-01
4.759858014351429079e-01
4.816320996108836017e-01
4.872719336986909289e-01
4.929046856945464850e-01
4.985297427956275618e-01
5.041464973476693645e-01
5.097543467942842188e-01
5.153526936281509485e-01
5.209409453440071447e-01
5.265185143933697187e-01
5.320848181409211231e-01
5.376392788224968466e-01
5.431813235046131227e-01
5.487103840454746750e-01
5.542258970574125421e-01
5.597273038706931381e-01
5.652140504986513658e-01
5.706855876040990427e-01
5.761413704860141038e-01
5.815808591751920886e-01
5.870035181593737938e-01
5.924088164235532528e-01
5.977962274538642928e-01
6.031652292107367863e-01
6.085153041030413323e-01
6.138459389631840679e-01
6.191566250231074209e-01
6.244468578911848144e-01
6.297161375299626940e-01
6.349639682347150149e-01
6.401898586128146329e-01
6.453933215638488763e-01
6.505738742604872948e-01
6.557310381300599511e-01
6.608643388368246052e-01
6.659733062649070279e-01
6.710574745018799137e-01
6.761163818229648514e-01
6.811495706758371460e-01
6.861565876660106200e-01
6.911369835427848551e-01
6.960903131857351100e-01
7.010161355917243764e-01
7.059140138624256933e-01
7.107835151923327377e-01
7.156242108572452576e-01
7.204356762032093631e-01
7.252174906359064588e-01
7.299692376104616187e-01
7.346905046216779533e-01
7.393808831946560023e-01
7.440399688758148056e-01
7.486673612242749076e-01
7.532626638036103994e-01
7.578254841739485714e-01
7.623554338844068523e-01
7.668521284658569304e-01
7.713151874240053996e-01
7.757442342327788287e-01
7.801388963280040389e-01
7.844988051013763730e-01
7.888235958947008575e-01
7.931129079951637628e-01
7.973663846997307569e-01
8.015836732251706565e-01
8.057644246759605444e-01
8.099082940822046606e-01
8.140149403953222951e-01
8.180840264839512876e-01
8.221152191300549195e-01
8.261081890252325310e-01
8.300626107672163245e-01
8.339781628565597904e-01
8.378545276935034369e-01
8.416913915750123820e-01
8.454884446919799235e-01
8.492453811265950891e-01
8.529618988498616217e-01
8.566376997192660658e-01
8.602724894765907404e-01
8.638659777458655986e-01
8.674178780314494297e-01
8.709279077162432880e-01
8.743957880600250476e-01
8.778212441979016400e-01
8.812040051388757567e-01
8.845438037645240170e-01
8.878403768277758346e-01
8.910934649517958661e-01
8.943028126289618296e-01
8.974681682199392441e-01
9.005892839528373273e-01
9.036659159224575966e-01
9.066978240896189645e-01
9.096847722805645464e-01
9.126265281864394119e-01
9.155228633628438306e-01
9.183735532294512449e-01
9.211783770696917450e-01
9.239371180305008258e-01
9.266495631221226548e-01
9.293155032179716279e-01
9.319347330545497687e-01
9.345070512314093136e-01
9.370322602111703647e-01
9.395101663195770669e-01
9.419405797456029683e-01
9.443233146399439004e-01
9.466581891263097237e-01
9.489450250016211452e-01
9.511836479196504879e-01
9.533738873970465377e-01
9.555155768135051852e-01
9.576085534119520570e-01
9.596526582987536802e-01
9.616477364439479647e-01
9.635936366814837895e-01
9.654902117094892322e-01
9.673373180905391333e-01
9.691348162519471954e-01
9.708825704860615247e-01
9.725804489505700534e-01
9.742283236688187298e-01
9.758260705301302629e-01
9.773735692901326377e-01
9.788707035710858539e-01
9.803173608622173241e-01
9.817134325200578271e-01
9.830588137687733541e-01
9.843534037005015058e-01
9.855971052756825612e-01
9.867898253233926553e-01
9.879314745416674093e-01
9.890219674978262265e-01
9.900612226287888173e-01
9.910491622413866164e-01
9.919857125126682051e-01
9.928708034901960744e-01
9.937043690923381689e-01
9.944863471085452211e-01
9.952166791996263084e-01
9.958953108980083124e-01
9.965221916079918252e-01
9.970972746059902914e-01
9.976205170407612677e-01
9.980918799336282454e-01
9.985113281786880401e-01
9.988788305430059689e-01
9.991943596668022565e-01
9.994578920636247865e-01
9.996694081205095284e-01
9.998288920982144612e-01
9.999363321315144493e-01
9.999917202279102746e-01
9.999950522681138043e-01
9.999463280061759995e-01
9.998455510694890247e-01
9.996927289587663745e-01
9.994878730480130091e-01
9.992309985844759490e-01
9.989221246885784389e-01
9.985612743538432312e-01
9.981484744467952197e-01
9.976837557068505280e-01
9.971671527461960505e-01
9.965987040496468996e-01
9.959784519744943054e-01
9.953064427503429679e-01
9.945827264789288691e-01
9.938073571339312018e-01
9.929803925607698645e-01
9.921018944763904113e-01
9.911719284690438947e-01
9.901905639980506102e-01
9.891578743935613982e-01
9.880739368563073999e-01
9.869388324573402649e-01
9.857526461377739135e-01
9.845154667085118660e-01
9.832273868499777913e-01
9.818885031118367301e-01
9.804989159127210918e-01
9.790587295399459933e-01
9.775680521492329245e-01
9.760269957644313044e-01
9.744356762772415914e-01
9.727942134469453883e-01
9.711027309001336594e-01
9.693613561304527115e-01
9.675702204983451793e-01
9.657294592308089953e-01
9.638392114211659090e-01
9.618996200288416620e-01
9.599108318791549355e-01
9.578729976631303877e-01
9.557862719355811887e-01
9.536508130394567573e-01
9.514667832018344207e-01
9.492343485491561150e-01
9.469536790705072038e-01
9.446249486174338461e-01
9.422483349037856781e-01
9.398240195055895807e-01
9.373521878609496483e-01
9.348330292699873478e-01
9.322667368948056588e-01
9.296535077595071694e-01
9.269935427502355996e-01
9.242870466152737219e-01
9.215342279651803636e-01
9.187352992729775902e-01
9.158904768743912905e-01
9.129999809681408340e-01
9.100640356162930100e-01
9.070828687446697014e-01
9.040567121433265019e-01
9.009858014670919513e-01
8.978703762361783802e-01
8.947106798368702485e-01
8.915069595222850918e-01
8.882594664132201778e-01
8.849684554990776553e-01
8.816341856388859588e-01
8.782569195624080338e-01
8.748369238713473717e-01
8.713744690406572957e-01
8.678698294199540531e-01
8.643232832350373762e-01
8.607351125895315036e-01
8.571056034666361123e-01
8.534350457310089233e-01
8.497237331307760932e-01
8.459719632996693939e-01
8.421800377593112730e-01
8.383482619216411358e-01
8.344769450914890641e-01
8.305664004693094071e-01
8.266169451540738011e-01
8.226289001463336081e-01
8.186025903514539959e-01
8.145383445414903223e-01
8.104364953592890775e-01
8.062973794207355382e-01
8.021213372601548874e-01
7.979087133334019644e-01
7.936598560221734822e-01
7.893751176385477297e-01
7.850548544297484277e-01
7.806994265831525004e-01
7.763091982315419859e-01
7.718845374586058572e-01
7.674258163047213976e-01
7.629334107729908165e-01
7.584077008355732952e-01
7.538490704403092435e-01
7.492579075176417636e-01
7.446346039878612988e-01
7.399795557686678071e-01
7.352931627830748829e-01
7.305758289676551609e-01
7.258279622811580900e-01
7.210499747134826443e-01
7.162422822950543777e-01
7.114053051065853950e-01
7.065394672892575390e-01
7.016451970553264639e-01
6.967229266991705749e-01
6.917730926087918286e-01
6.867961352777957051e-01
6.817924993178530180e-01
6.767626334716726477e-01
6.717069906264929724e-01
6.666260278281173068e-01
6.615202062955058970e-01
6.563899914359576648e-01
6.512358528608720443e-01
6.460582644021478638e-01
6.408577041292186083e-01
6.356346543667521498e-01
6.303896017130372620e-01
6.251230370590827867e-01
6.198354556084577638e-01
6.145273568978875112e-01
6.091992448186460685e-01
6.038516275535816824e-01
5.984850173193094758e-01
5.930999310853426465e-01
5.876968903226623686e-01
5.822764209732007590e-01
5.768390534765484023e-01
5.713853227976886107e-01
5.659157684557846180e-01
5.604309345540539056e-01
5.549313698107852799e-01
5.494176275915332308e-01
5.438902659425285391e-01
5.383498476253623100e-01
5.327969401529892846e-01
5.272321158270876218e-01
5.216559517768517562e-01
5.160690299992559682e-01
5.104719374008459543e-01
5.048652658411334482e-01
4.992496121776417439e-01
4.936255783126762831e-01
4.879937712418849771e-01
4.823548031046908102e-01
4.767092912366569513e-01
4.710578582238788004e-01
4.654011319594826279e-01
4.597397457023082445e-01
4.540743381378911092e-01
4.484055534418118216e-01
4.427340413455447821e-01
4.370604572048888969e-01
4.313854620711104482e-01
4.257097227649024318e-01
4.200339119533061383e-01
4.143587082297027768e-01
4.086847961970322407e-01
4.030128665543843969e-01
3.973436161871062300e-01
3.916777482606071947e-01
3.860159723180182079e-01
3.803590043819045086e-01
3.747075670602143527e-01
3.690623896566773698e-01
3.634242082858648581e-01
3.577937659866926579e-01
3.521718126903311541e-01
3.465591055818594279e-01
3.409564092332252327e-01
3.353644956790065024e-01
3.297841445648583281e-01
3.242161433025999573e-01
3.186612872322881485e-01
3.131203797916692344e-01
3.075942326934028581e-01
3.020836661105146814e-01
2.965895088705181037e-01
2.911125986587253522e-01
2.856537822312735786e-01
2.802139156384371166e-01
2.747938644588524548e-01
2.693945040453057382e-01
2.640167197828034995e-01
2.586614073596907870e-01
2.533294730526463034e-01
2.480218340264433441e-01
2.427394186494477579e-01
2.374831668258886030e-01
2.322540303460400857e-01
2.270529732555376656e-01
2.218809722451585975e-01
2.167390170625084489e-01
2.116281109472029076e-01
2.065492710912592844e-01
2.015035291265395434e-01
1.964919316413522299e-01
1.915155407284006017e-01
1.865754345665674718e-01
1.816727080392200322e-01
1.768084733920085860e-01
1.719838609334278789e-01
1.672000197817377076e-01
1.624581186622393314e-01
1.577593467593114696e-01
1.531049146280855644e-01
1.484960551712157517e-01
1.439340246867610307e-01
1.394201039939319264e-01
1.349555996442233785e-01
1.305418452263483742e-01
1.261802027668735837e-01
1.218720642510999208e-01
1.176188532856133617e-01
1.134220268787737018e-01
1.092830773820373108e-01
1.052035346028315638e-01
1.011849681083244468e-01
9.722898974209850942e-02
9.333725637864061231e-02
8.951147294397733545e-02
8.575339573453141795e-02
8.206483607062087238e-02
7.844766432575009385e-02
7.490381437811126364e-02
7.143528853637515219e-02
6.804416299764856624e-02
6.473259390116795076e-02
6.150282404620275450e-02
5.835719034558535523e-02
5.529813208558508053e-02
5.232820005541616304e-02
4.945006659080550260e-02
4.666653653808111590e-02
4.398055907634951939e-02
4.139524021682811084e-02
3.891385560255653658e-02
3.653986291713302859e-02
3.427691272093014857e-02
3.212885579480224268e-02
3.009763374801319169e-02
2.818936236735585313e-02
2.640834061048074125e-02
2.475896430221372763e-02
2.324564628361526150e-02
2.187269684284083235e-02
2.064415767310295163e-02
1.956358889781217511e-02
1.863382059616038727e-02
1.785669800209298969e-02
1.723287272613514831e-02
1.676172324913449696e-02
1.644153146509725119e-02
1.627007030084049941e-02
1.218368294915897834e-02
1.173753292274401505e-02
1.169814210431208840e-02
1.221134519238890534e-02
1.287482688716843487e-02
1.368990349201145915e-02
1.465618929010045236e-02
1.577218421064838921e-02
1.703558382209179739e-02
1.844336579432653833e-02
1.999187762297026383e-02
2.167697487191107275e-02
2.349419661205406212e-02
2.543894199958192728e-02
2.750661778574362698e-02
2.969274362802118428e-02
3.199301661201094105e-02
3.440334365053436538e-02
3.691985179350752710e-02
3.953888490430652880e-02
4.225699279390629504e-02
4.507091678653606104e-02
4.797757412201918148e-02
5.097404255130470740e-02
5.405756998420432891e-02
5.722548410370598138e-02
6.047526225966499969e-02
8.736135804132505456e-02
8.998381813968259202e-02
9.269431818736938167e-02
9.549038754976776899e-02
9.836945917073093570e-02
1.013294162662901066e-01
1.043680144858355752e-01
1.074830751363267112e-01
1.106724811328697322e-01
1.139341734209507739e-01
1.172661477927408602e-01
1.206664520328362133e-01
1.241331833402274376e-01
1.276644859829513812e-01
1.312585491500679880e-01
1.349136049721584574e-01
1.386279266870212856e-01
1.423998269315787379e-01
1.462276561447597989e-01
1.501098010750957779e-01
1.540446833680065020e-01
1.580307582285854218e-01
1.620665131613167886e-01
1.661504667750455799e-01
1.702811676485193049e-01
1.744569010709171863e-01
1.786765656182466577e-01
1.829387980799863644e-01
1.872422599210415983e-01
1.915856366550680590e-01
1.959676372417770429e-01
2.003869934525897012e-01
2.048419623354493790e-01
2.093296751915920961e-01
2.138490554511069397e-01
2.183990418510266263e-01
2.229785880222313332e-01
2.275866620923621408e-01
2.322222463040481133e-01
2.368843366478144141e-01
2.415719425090364914e-01
2.462840863283612958e-01
2.510198032750501351e-01
2.557781409327004596e-01
2.605581589968480327e-01
2.653589289839770604e-01
2.701795339514667660e-01
2.750190682280377885e-01
2.798766371542906750e-01
2.847513568329149702e-01
2.896423538881998105e-01
2.945487652344687679e-01
2.994697378530877252e-01
8.103259733343077809e-01
8.100411281640474970e-01
8.097585258772550532e-01
8.094781792285872246e-01
8.092001008651550364e-01
8.089243033225061996e-01
8.086507990205078489e-01
8.083796002591070451e-01
8.081107192139700413e-01
8.078441679320081947e-01
8.075799583210705457e-01
8.073181021496864673e-01
8.070586110492561360e-01
8.068014965032161978e-01
8.065467698419137577e-01
8.062944422373490294e-01
8.060445246977709921e-01
8.057970280621384873e-01
8.055519629944342119e-01
8.053093399778326056e-01
8.050691693087190792e-01
8.048314610905622501e-01
8.045962252276299687e-01
8.043634714185522450e-01
8.041332091497330747e-01
8.039054476885995060e-01
8.036801960766974950e-01
8.034574631226254482e-01
8.032372573948098893e-01
8.030195872141188129e-01
8.028044606463151656e-01
8.025918854943486780e-01
8.023818692904842731e-01
8.021744192882740432e-01
8.019695424543626938e-01
8.017672454601399989e-01
8.015675346732284989e-01
8.013704161488182098e-01
8.011758956208436810e-01
8.009839784930138373e-01
8.007946698296829480e-01
8.006079743465812637e-01
8.004238964013996593e-01
8.002424399842344993e-01
8.000636087078972780e-01
7.998874057980956964e-01
7.997138340834869519e-01
7.995428959856112350e-01
7.993745935087197552e-01
7.992089282294868591e-01
7.990459012866344413e-01
7.988855133704581002e-01
7.987277647122811297e-01
7.985726550738295737e-01
7.984201837328728235e-01
7.982703494673573097e-01
7.981231505641033230e-01
7.979785847983131841e-01
7.978366494218460669e-01
7.976973411524206359e-01
7.975606561628258984e-01
7.974265900701704712e-01
7.972951379251767001e-01
7.971662942015396158e-01
7.970400527853733763e-01
7.969164069647503013e-01
7.967953494193713571e-01
7.966768722103708678e-01
7.965609667702864272e-01
7.964476238932148844e-01
7.963368337251747198e-01
7.962285857546975709e-01
7.961228688036822154e-01
7.960196710185191149e-01
7.959189798615331490e-01
7.958207821027526441e-01
7.957250638120401121e-01
7.956318103516175633e-01
7.955410063690029343e-01
7.954526357903981548e-01
7.953666818145539441e-01
7.952831269071417575e-01
7.952019527956646350e-01
7.951231404649377055e-01
7.950466701531722080e-01
7.949725213486888986e-01
7.949006727873036970e-01
7.948311024504053357e-01
7.947637875637670879e-01
7.946987045971178887e-01
7.946358292645130383e-01
7.945751365255264709e-01
7.945166005873045556e-01
7.944601949075085212e-01
7.944058921981786980e-01
7.943536644305431160e-01
7.943034828408135350e-01
7.942553179369850058e-01
7.942091395066006587e-01
7.941649166249775682e-01
7.941226176664762937e-01
7.940822103152899158e-01
7.940436615774357776e-01
7.940069377941404438e-01
7.939720046563816247e-01
7.939388272206259201e-01
7.939073699257678252e-01
7.938775966112815441e-01
7.938494705366005988e-01
7.938229544017237904e-01
7.937980103690712719e-01
7.937746000865699703e-01
7.937526847119841245e-01
7.937322249384846096e-01
7.937131810214499428e-01
7.936955128064870912e-01
7.936791797586644215e-01
7.936641409929428015e-01
7.936503553057758786e-01
7.936377812078733163e-01
7.936263769580862437e-01
7.936161005983946026e-01
7.936069099899623058e-01
7.935987628502256808e-01
7.935916167909717878e-01
7.935854293573643137e-01
7.935801580678774059e-01
7.935757604550806033e-01
7.935721941072195751e-01
7.935694167105507013e-01
7.935673860923467826e-01
7.935660602645371320e-01
7.935653974678908984e-01
7.935653562166966601e-01
7.935658953438495811e-01
7.935669740462849564e-01
7.935685519306748814e-01
7.935705890593041101e-01
7.935730459960586014e-01
7.935758838524300529e-01
7.935790643334571515e-01
7.935825497835187203e-01
7.935863032318863919e-01
7.935902884379819611e-01
7.935944699361754395e-01
7.935988130800630813e-01
7.936032840862000670e-01
7.936078500771250877e-01
7.936124791236112141e-01
7.936171402860552337e-01
7.936218036549107513e-01
7.936264403900854525e-01
7.936310227592069388e-01
7.936355241746826383e-01
7.936399192294660843e-01
7.936441837314511805e-01
7.936482947364135176e-01
7.936522305794303511e-01
7.936559709047008582e-01
7.936594966937025042e-01
7.936627902916126853e-01
7.936658354319423569e-01
7.936686172593163668e-01
7.936711223503505330e-01
7.936733387325756173e-01
7.936752559013603436e-01
7.936768648348023758e-01
7.936781580065385144e-01
7.936791293964540195e-01
7.936797744992589720e-01
7.936800903309169097e-01
7.936800754329043084e-01
7.936797298742940265e-01
7.936790552516572728e-01
7.936780546867858721e-01
7.936767328222327222e-01
7.936750958146947532e-01
7.936731513262409443e-01
7.936709085134117103e-01
7.936683780142212985e-01
7.936655719330820702e-01
7.936625038236995167e-01
7.936591886699688736e-01
7.936556428649232942e-01
7.936518841877839847e-01
7.936479317791618193e-01
7.936438061144738265e-01
7.936395289755262539e-01
7.936351234204350735e-01
7.936306137525166449e-01
7.936260254869976771e-01
7.936213853164783005e-01
7.936167210750475487e-01
7.936120617011104272e-01
7.936074371990156084e-01
7.936028785995625778e-01
7.935984179194781607e-01
7.935940881199445851e-01
7.935899230642778912e-01
7.935859574748302947e-01
7.935822268892251952e-01
7.935787676159959947e-01
7.935756166897348640e-01
7.935728118258275066e-01
7.935703913748772820e-01
7.935683942768919641e-01
7.935668600153333863e-01
7.935658285711097992e-01
7.935653403765943192e-01
7.935654362697572850e-01
7.935661574484889069e-01
7.935675454251953642e-01
7.935696419817377389e-01
7.935724891247959434e-01
7.935761290417265856e-01
7.935806040569742814e-01
7.935859565891218992e-01
7.935922291086185965e-01
7.935994640962618085e-01
7.936077040024853702e-01
7.936169912075023980e-01
7.936273679823556693e-01
7.936388764509236804e-01
7.936515585529186900e-01
7.936654560079208220e-01
7.936806102804863094e-01
7.936970625463508622e-01
7.937148536597704584e-01
7.937340241220154358e-01
7.937546140510420845e-01
7.937766631523628380e-01
7.938002106913470968e-01
7.938252954683178153e-01
7.938519557901213552e-01
7.938802294465537868e-01
7.939101536878077070e-01
7.939417652027336292e-01
7.939751000983437113e-01
7.940101938805463888e-01
7.940470814361069163e-01
7.940857970158173851e-01
7.941263742188748864e-01
7.941688459784395082e-01
7.942132445483629510e-01
7.942596014910722202e-01
7.943079476665770855e-01
7.943583132225877641e-01
7.944107275857197337e-01
7.944652194537510370e-01
7.945218167889165350e-01
7.945805468122069115e-01
7.946414359986433418e-01
7.947045100735005141e-01
7.947697940094453628e-01
7.948373120245635359e-01
7.949070875812420667e-01
7.949791433858743872e-01
7.950535013893572645e-01
7.951301827883479056e-01
7.952092080272477048e-01
7.952905968008824322e-01
7.953743680578432285e-01
7.954605400044592045e-01
7.955491301093684520e-01
7.956401551086558221e-01
7.957336310115278311e-01
7.958295731064899403e-01
7.959279959680014560e-01
7.960289134635689656e-01
7.961323387612642133e-01
7.962382843376201169e-01
7.963467619858891622e-01
7.964577828246319768e-01
7.965713573066088848e-01
7.966874952279547895e-01
7.968062057375491225e-01
7.969274973401507811e-01
7.970513779138951316e-01
7.971778547235119916e-01
7.973069344262389002e-01
7.974386230821715049e-01
7.975729261647224178e-01
7.977098485711882070e-01
7.978493946333891085e-01
7.979915681283805684e-01
7.981363722892040879e-01
7.982838098156730400e-01
7.984338828851730296e-01
7.985865931634551496e-01
7.987419418154275697e-01
7.988999295159099345e-01
7.990605564603541211e-01
7.992238223755137039e-01
7.993897265300471400e-01
7.995582677450578934e-01
7.997294444045446316e-01
7.999032544657651567e-01
8.000796954695033047e-01
8.002587645502261537e-01
8.004404584461290995e-01
8.006247735090645801e-01
8.008117057143429030e-01
8.010012506703971802e-01
8.011934036283250293e-01
8.013881594912766193e-01
8.015855128237081573e-01
8.017854578604854954e-01
8.019879885158323063e-01
8.021930983921343739e-01
8.024007807885802368e-01
8.026110287096508422e-01
8.028238348734451080e-01
8.030391917198513863e-01
8.032570914185541699e-01
8.034775258768807049e-01
8.037004867474877301e-01
8.039259654358841267e-01
8.041539531077943614e-01
8.043844406963618354e-01
8.046174189091883644e-01
8.048528782506922941e-01
8.050908090351180935e-01
8.053312013416022985e-01
8.055740450495281202e-01
8.058193298459607190e-01
8.060670452317646451e-01
8.063171805275703985e-01
8.065697248795942187e-01
8.068246672653127671e-01
8.070819964989889295e-01
8.073417012370629475e-01
8.076037699833986672e-01
8.078681910943970035e-01
8.081349527839697400e-01
8.084040431283884276e-01
8.086754500709991689e-01
8.089491614268110586e-01
8.092251648869619451e-01
8.095034480230641760e-01
8.097839982914292190e-01
8.100668030371762640e-01
8.103518494982311360e-01
2.721556708522412382e-01
2.710680141435501955e-01
2.700070502668827088e-01
2.689735952122024876e-01
2.679684857456062774e-01
2.669925804592522267e-01
2.660467609249650422e-01
2.651319329458740048e-01
2.642490279349626325e-01
2.633990044339632464e-01
2.625828497914403092e-01
2.618015820240551794e-01
2.610562518892793338e-01
2.603479452032056995e-01
2.596777854438331312e-01
2.590469366885559954e-01
2.584566069448800407e-01
2.579080519462531584e-01
2.574025795008009765e-01
2.569415545006563661e-01
2.565264047240367606e-01
2.561586275924155887e-01
2.558397980815639294e-01
2.555715780250414348e-01
2.553557262298771224e-01
2.551941140294827770e-01
2.550887381986230995e-01
2.550417398158738580e-01
2.550554252397814192e-01
2.551322897658510058e-01
2.552750427961438806e-01
2.554866313376283893e-01
2.557702546760574625e-01
2.561293558841129525e-01
2.565675649583470941e-01
2.570885512718559807e-01
2.576957459407091533e-01
2.583919111771481592e-01
2.591786296436674464e-01
2.600558462689320782e-01
2.610218462618426605e-01
2.620734665080727277e-01
2.632069269415339696e-01
2.644179756939650794e-01
2.657023943297223689e-01
2.670562069434923025e-01
2.684755370363419158e-01
2.699573309497174112e-01
2.714986144163428761e-01
2.730967042360034625e-01
2.747491736160152520e-01
2.764506926037026968e-01
2.782006811742546715e-01
3.269618713863422510e-01
3.291170867446091552e-01
3.312896392775567800e-01
3.334793370878230689e-01
3.356859918958749467e-01
3.379094183671665363e-01
3.401494335528853497e-01
3.424058564250118120e-01
3.446785074902624646e-01
3.469672084704283899e-01
3.492717820389518724e-01
3.515920516053582801e-01
3.539278411405833991e-01
3.562789750404746769e-01
3.586452781813099233e-01
3.610265756152337135e-01
3.634226924724985319e-01
3.658334540099978938e-01
3.682586855855033980e-01
3.706982126458930882e-01
3.731518607272650834e-01
3.756194554651021145e-01
3.781008226128654282e-01
3.805957880675822635e-01
3.831041779012098747e-01
3.856258183966668196e-01
3.881605360876029254e-01
3.907081578010883627e-01
3.932685107025394866e-01
3.958414223422646039e-01
3.984267207031752522e-01
4.010242342492264522e-01
4.036337919742742364e-01
4.062552234510932170e-01
4.088883588803736702e-01
4.115330291395532525e-01
4.141890658314292262e-01
4.168563013325039535e-01
4.195345688410988538e-01
4.222237024252957771e-01
4.249235370707963311e-01
4.276339087288498209e-01
4.303546543644093392e-01
4.330856120047305025e-01
4.358266207886481447e-01
4.385768354843500028e-01
4.413352569586161955e-01
4.441018738854057846e-01
4.468766800498147895e-01
4.496596745146791418e-01
4.524508617251141174e-01
4.552502515187101251e-01
4.580578589993045124e-01
4.608737042212646684e-01
4.636978116200227151e-01
4.665302091153567532e-01
4.693709268099267584e-01
4.722199952117902000e-01
4.750774429764265672e-01
4.779432940794405837e-01
4.808175644056549847e-01
4.837002582128434591e-01
4.865913644755999745e-01
4.894908535082240220e-01
4.923986742360880742e-01
4.953147524451850248e-01
4.982389902254975578e-01
5.011712666560400598e-01
5.041114396016871391e-01
5.070593483510202892e-01
5.100148167519779063e-01
5.129776565035648606e-01
5.159476703200587266e-01
5.189246547711450219e-01
5.219084026907346852e-01
5.248987051217340882e-01
5.278953528163413678e-01
5.308981373421041150e-01
5.339068518572883670e-01
5.369212916207204422e-01
5.399412542959532990e-01
5.429665401010824732e-01
5.459969518462181037e-01
5.490322948917439883e-01
5.520723770527818930e-01
5.551170084689346362e-01
5.581660014532932035e-01
5.612191703307695123e-01
5.642763312728338310e-01
5.673373021335215149e-01
5.704019022899252667e-01
5.734699524892218347e-01
5.765412747034246443e-01
5.796156919924675410e-01
5.826930283758080531e-01
5.857731087124683489e-01
5.888557585892373325e-01
5.919408042166663941e-01
5.950280723324161691e-01
5.981173901114694713e-01
6.012085850827444400e-01
6.043014850516335024e-01
6.073959180512180644e-01
6.104917123615122287e-01
6.135886962416263746e-01
6.166866979505508661e-01
6.197855457112390054e-01
6.228850676601099812e-01
6.259850917998635023e-01
6.290854459553445466e-01
6.321859577322208601e-01
6.352864544782460543e-01
6.383867632469127917e-01
6.414867107633139831e-01
6.445861233920539002e-01
6.476848271070427820e-01
6.507826474630665770e-01
6.538794095689779429e-01
6.569749380624280155e-01
6.600690570860108242e-01
6.631615902647517435e-01
6.662523606848372859e-01
6.693411908735342752e-01
6.724279027802078090e-01
6.755123177583848282e-01
6.785942565488209954e-01
6.816735392634933888e-01
6.847499853705025785e-01
6.878234136798210274e-01
6.908936423298649432e-01
6.939604887748420659e-01
6.970237697728695059e-01
7.000833013748019029e-01
7.031388989137784540e-01
7.061903769954408494e-01
7.092375494888266685e-01
7.122802295178983778e-01
7.153182294537164809e-01
7.183513609072197381e-01
7.213794347226284431e-01
7.244022609714332317e-01
7.274196489469871851e-01
7.304314071596721414e-01
7.334373433326580871e-01
7.364372643982225464e-01
7.394309764946566110e-01
7.424182849661505879e-01
7.453989944320118521e-01
7.483729086856929502e-01
7.513398306897038914e-01
7.542995626068619286e-01
7.572519058006498271e-01
7.601966608361380162e-01
7.631336274815052612e-01
7.660626047101292135e-01
7.689833907032761484e-01
7.718957828533810073e-01
7.747995777679338447e-01
7.776945712739690153e-01
7.805805584231706451e-01
7.834573334976024928e-01
7.863246900160635322e-01
7.891824207410844672e-01
7.920303176865665096e-01
7.948681721260788535e-01
7.976957746018153994e-01
8.005129149342230521e-01
8.033193822323195787e-01
8.061149649046891463e-01
8.088994506711955079e-01
8.116726265753857472e-01
8.144342789976355412e-01
8.171841936690058539e-01
8.199221556858555804e-01
8.226479495251930452e-01
8.253613590607956629e-01
8.280621675800977632e-01
8.307501578018602340e-01
8.334251118946303105e-01
8.360868114960008368e-01
8.387350377326854289e-01
8.413695712414094308e-01
8.439901921906302062e-01
8.465966803031046428e-01
8.491888148792932078e-01
8.517663748216310893e-01
8.543291386596610915e-01
8.568768845760427189e-01
8.594093904334405565e-01
8.619264338023034933e-01
8.644277919895461126e-01
8.669132421667093968e-01
8.693825613593022528e-01
8.718355262855272958e-01
8.742719135229778393e-01
8.766914995430803437e-01
8.790940607452419897e-01
8.814793734919269541e-01
8.838472141446639396e-01
8.861973591009960627e-01
8.885295848323615520e-01
8.908436679229142507e-01
8.931393851092821468e-01
8.954165133212603767e-01
8.976748297234431462e-01
8.999141117577849069e-01
9.021341371870874593e-01
9.043346841394136471e-01
9.065155311534200955e-01
9.086764572245955573e-01
9.108172418524100866e-01
9.129376650883542776e-01
9.150375075848619089e-01
9.171165506451115501e-01
9.191745762736852621e-01
9.212113672280757282e-01
9.232267070710284962e-01
9.252203802236967922e-01
9.271921720196056871e-01
9.291418687593835379e-01
9.310692577662698088e-01
9.329741274423515307e-01
9.348562673255206290e-01
9.367154681471308031e-01
9.385515218903126566e-01
9.403642218489390858e-01
9.421533626871961831e-01
9.439187404997447794e-01
9.456601528724288830e-01
9.473773989435076981e-01
9.490702794653733676e-01
9.507385968667156906e-01
9.523821553151107233e-01
9.540007607799713130e-01
9.555942210958485727e-01
9.571623460267300043e-01
9.587049473337305727e-01
9.602218388348584543e-01
9.617128364689226938e-01
9.631777583600654724e-01
9.646164248821281761e-01
9.660286587230569877e-01
9.674142849492660678e-01
9.687731310699290166e-01
9.701050271011368853e-01
9.714098056298723360e-01
9.726873018777464353e-01
9.739373537644427925e-01
9.751598019708175302e-01
9.763544900015942440e-01
9.775212642475976654e-01
9.786599740474775100e-01
9.797704717488484594e-01
9.808526127688114160e-01
9.819062556537699882e-01
9.829312621385098980e-01
9.839274972044671497e-01
9.848948291371292241e-01
9.858331295825122353e-01
9.867422736026618679e-01
9.876221397301051530e-01
9.884726100212087863e-01
9.892935701083817035e-01
9.900849092510684013e-01
9.908465203854672776e-01
9.915783001729379098e-01
9.922801490470198882e-01
9.929519712590285652e-01
9.935936749221705444e-01
9.942051720541223991e-01
9.947863786180288770e-01
9.953372145618751832e-01
9.958576038561834931e-01
9.963474745299809587e-01
9.968067587050200018e-01
9.972353926281850578e-01
9.976333167020621229e-01
9.980004755136380190e-01
9.983368178610875221e-01
9.986422967790924421e-01
9.989168695687353772e-01
9.991604978038863827e-01
9.993731473535897303e-01
9.995547884032682795e-01
9.997053954722301405e-01
9.998249474358704703e-01
9.999134275793102322e-01
9.999708239258396913e-01
9.999971373661773466e-01
9.999923374049147773e-01
9.999564452101008527e-01
9.998894657997152713e-01
9.997914057232080154e-01
9.996622785049140703e-01
9.995021022280506928e-01
9.993108993626232950e-01
9.990886967273937547e-01
9.988355254699839980e-01
9.985514210495027854e-01
9.982364232184238739e-01
9.978905760029112004e-01
9.975139276812849953e-01
9.971065307605849748e-01
9.966684419511908644e-01
9.961997221395324509e-01
9.957004363588966012e-01
9.951706537583807632e-01
9.946104475700054959e-01
9.940198950740437578e-01
9.933990775625993752e-01
9.927480803014804289e-01
9.920669924904079728e-01
9.913559072216143742e-01
9.906149214368692446e-01
9.898441358829958014e-01
9.890436550659157389e-01
9.882135872032864476e-01
9.873540441757707731e-01
9.864651414770102544e-01
9.855469981623405928e-01
9.845997367963205127e-01
9.836234833991133186e-01
9.826183673918026384e-01
9.815845215406714397e-01
9.805220818180954145e-01
9.794311873915751976e-01
9.783119806846600763e-01
9.771646072316197973e-01
9.759892156172311761e-01
9.747859574160540053e-01
9.735549871310861247e-01
9.722964621318692657e-01
9.710105425920896316e-01
9.696973914267463801e-01
9.683571742289232009e-01
9.669900592062433686e-01
9.655962171170390240e-01
9.641758212063091804e-01
9.627290471415070883e-01
9.612560729482130251e-01
9.597570789457491314e-01
9.582322476827754842e-01
9.566817638729272488e-01
9.551058143305386494e-01
9.535045879064949492e-01
9.518782754242648414e-01
9.502270696161574381e-01
9.485511650598387190e-01
9.468507581151657249e-01
9.451260468613598142e-01
9.433772310345693857e-01
9.416045119658624785e-01
9.398080925196784507e-01
9.379881770327731516e-01
9.361449712536973333e-01
9.342786822828402782e-01
9.323895185130612884e-01
9.304776895709445661e-01
9.285434062587092363e-01
9.265868804967897221e-01
9.246083252671225550e-01
9.226079545571580498e-01
9.205859833046148299e-01
9.185426273430155053e-01
9.164781033479934003e-01
9.143926287844210687e-01
9.122864218543580428e-01
9.101597014458300272e-01
9.080126871181659620e-01
9.058455991129521490e-01
9.036586581013996700e-01
9.014520852338232526e-01
8.992261021034781976e-01
8.969809307006042509e-01
8.947167933673816353e-01
8.924339127538007954e-01
8.901325117744696147e-01
8.878128135663410081e-01
8.854750414473783193e-01
8.831194188761579689e-01
8.807461694124049112e-01
8.783555166784745571e-01
8.759476843217655073e-01
8.735228959780749758e-01
8.710813752358901318e-01
8.686233456016108079e-01
8.661490304657090133e-01
8.636586530698043829e-01
8.611524364746796500e-01
8.586306035292009531e-01
8.560933768401541855e-01
8.535409787429956152e-01
8.509736312734932362e-01
8.483915561402696204e-01
8.457949746982289518e-01
8.431841079228644675e-01
8.405591763854332044e-01
8.379204002290003839e-01
8.352679991453320074e-01
8.326021923526375490e-01
8.299231985741448714e-01
8.272312360175052559e-01
8.245265223550163336e-01
8.218092747046468194e-01
8.190797096118681564e-01
8.163380430322693115e-01
8.135844903149448415e-01
8.108192661866641116e-01
8.080425847367829206e-01
8.052546594029132976e-01
8.024557029573299305e-01
7.996459274940974638e-01
7.968255443970320151e-01
7.939947640918197935e-01
7.911537964472997730e-01
7.883028506871776475e-01
7.854421353010541118e-01
7.825718580356662013e-01
7.796922258868042022e-01
7.768034450918699374e-01
7.739057211230885303e-01
7.709992586813474436e-01
7.680842616906711218e-01
7.651609332933133611e-01
7.622294758454626340e-01
7.592900909135545939e-01
7.563429792711888755e-01
7.533883408966376427e-01
7.504263749709429998e-01
7.474572798766008219e-01
7.444812531968302283e-01
7.414984917154092692e-01
7.385091914170991423e-01
7.355135474886279612e-01
7.325117543202522841e-01
7.295040055078916286e-01
7.264904938558268688e-01
7.234714113799733948e-01
7.204469493117323653e-01
7.174172981024129481e-01
7.143826474282435335e-01
7.113431861959595981e-01
7.082991025490026349e-01
7.052505838743052813e-01
7.021978168097008366e-01
6.991409872519506186e-01
6.960802803654144721e-01
6.930158805913659847e-01
6.899479716579955957e-01
6.868767365910768419e-01
6.838023577253741214e-01
6.807250167167638866e-01
6.776448945551368785e-01
6.745621715780872885e-01
6.714770274854348076e-01
6.683896413546153159e-01
6.653001916569775132e-01
6.622088562568052561e-01
6.591158124406052421e-01
6.560212369560024515e-01
6.529253060186931412e-01
6.498281953340743211e-01
6.467300801201407712e-01
6.436311351317436369e-01
6.405315346863129644e-01
6.374314526911385448e-01
6.343310626723167589e-01
6.312305378055118599e-01
6.281300509486523742e-01
6.250297746767218277e-01
6.219298813188124386e-01
6.188305429976342920e-01
6.157319316716747259e-01
6.126342191802436332e-01
6.095375772916520329e-01
6.064421777547858161e-01
6.033481923543879688e-01
6.002557929703624673e-01
5.971651516414639982e-01
5.940764406337429859e-01
5.909898325141650366e-01
5.879055002298464450e-01
5.848236171933515193e-01
5.817443573745335605e-01
5.786678953994062180e-01
5.755944066564956385e-01
5.725240674111157224e-01
5.694570549279003302e-01
5.663935476018309156e-01
5.633337250977527022e-01
5.602777684980881912e-01
5.572258604579984897e-01
5.541781853665211921e-01
5.511349295113869839e-01
5.480962812437625287e-01
5.450624311375297237e-01
5.420335721350982849e-01
5.390098996686863986e-01
5.359916117415497450e-01
5.329789089483671916e-01
5.299719944070352406e-01
5.269710735196253548e-01
5.239763535603513267e-01
5.209880433029661084e-01
5.180063520422568679e-01
5.150314883647346687e-01
5.120636585155713405e-01
5.091030643108428455e-01
5.061499005891313407e-01
5.032043522560467608e-01
5.002665910553977247e-01
4.973367722918302647e-01
4.944150318108027076e-01
4.915014835853577790e-01
4.885962182386417441e-01
4.856993027358848525e-01
4.828107813227445200e-01
4.799306776071246006e-01
4.770589975263063165e-01
4.741957328495656210e-01
4.713408648517469213e-01
4.684943678444128401e-01
4.656562123402744335e-01
4.628263677246975960e-01
4.600048043930908270e-01
4.571914953749077748e-01
4.543864175020812524e-01
4.515895521965474502e-01
4.488008859539210915e-01
4.460204105943905151e-01
4.432481233416883937e-01
4.404840267797628939e-01
4.377281287260165188e-01
4.349793732286799663e-01
4.322383286655787638e-01
4.295048071014571089e-01
4.267786402085922415e-01
4.240596784842756706e-01
4.213477903651758893e-01
4.186428613004261057e-01
4.159447928227230640e-01
4.132535016409029649e-01
4.105689187662930340e-01
4.078909886777727367e-01
4.052196685254354502e-01
4.025549273469150591e-01
3.998967451488539826e-01
3.972451125598383537e-01
3.946000300490619117e-01
3.919615071961854991e-01
3.893295620228695575e-01
3.867042203261744637e-01
3.840855150099187765e-01
3.814734854113546181e-01
3.788681766217183444e-01
3.762696388007565895e-01
3.736779264867057249e-01
3.710930979048733813e-01
3.685152142793155505e-01
3.659443391536242873e-01
3.633805377279396009e-01
3.608238762203470618e-01
3.582744212613162005e-01
3.557322393301401986e-01
3.531973962420093538e-01
3.506699566937228618e-01
3.481499838748113862e-01
3.456375391493919924e-01
3.431326818121165356e-01
3.406354689196349761e-01
3.381459551967149757e-01
3.356641930142166275e-01
3.331902324340890731e-01
3.307241213149720860e-01
3.282659054707381951e-01
3.258156288733426997e-01
3.233733338910281252e-01
3.209390615527142332e-01
3.172235736246394877e-01
3.134580023011597216e-01
3.097248209928067375e-01
3.071529167545083427e-01
3.045940722418413182e-01
3.020484450351955674e-01
2.995161919313377163e-01
2.969974688174051303e-01
2.944924305391916630e-01
2.920012307641301486e-01
2.895240218395070952e-01
2.870609546467889350e-01
2.846121785157708084e-01
2.821778409938086041e-01
2.797580876583828924e-01
2.773530620102643285e-01
2.749629053190275618e-01
2.725877564698952482e-01
2.702277518131033229e-01
2.678830250169217941e-01
2.655537069255893279e-01
2.632399254233216412e-01
2.609418053055941322e-01
2.586594681588020306e-01
2.563930322494116232e-01
2.541426124235592332e-01
2.519083200180319282e-01
2.496902627833937904e-01
2.474885448199738991e-01
2.453032665272041335e-01
2.431345245667572985e-01
2.409824118396946269e-01
2.388470174776832766e-01
2.367284268481563980e-01
2.346267215730146183e-01
2.325419795601704476e-01
2.304742750468829482e-01
2.284236786532373720e-01
2.263902574435822657e-01
2.243740749926423916e-01
2.223751914515703365e-01
2.203936636054499576e-01
2.184295453939847365e-01
2.164828862985416214e-01
2.145537335835883963e-01
2.126421309588733266e-01
2.107481187858947225e-01
2.088717339911660420e-01
2.070130099384726030e-01
2.051719762790817914e-01
2.033486588052989263e-01
2.015430793291485279e-01
1.997552556201442342e-01
1.517923752160520445e-01
1.503803668764624457e-01
1.490017504866220921e-01
1.476571750006286932e-01
1.463473202900491543e-01
1.450728996725318687e-01
1.438346623933355328e-01
1.426333963660268433e-01
1.414699310730734017e-01
1.403451405808384678e-01
1.392599465969490968e-01
1.382153214536248065e-01
1.372122908369239891e-01
1.362519359925891682e-01
1.353353950162209385e-01
1.344638626713670349e-01
1.334864949223353303e-01
1.323993165086299051e-01
1.316478726494425544e-01
1.306508227488926699e-01
1.298585633462914779e-01
1.291163266900416107e-01
1.276161631581447242e-01
1.261542508624590442e-01
1.247306152024131587e-01
1.233451586478404721e-01
1.206839683677146113e-01
1.203649694453248209e-01
1.177636219265568579e-01
1.171930473038359233e-01
1.159858388056363987e-01
1.134547434429986346e-01
1.133448804875742122e-01
1.108728272734507136e-01
1.108421199627641629e-01
1.098109099441094139e-01
1.088125114512096536e-01
1.078463822785577231e-01
1.069223566808073650e-01
1.060295586970591009e-01
1.051677503974881300e-01
1.043367981240085063e-01
1.035366680047911381e-01
1.034709416362961376e-01
1.027242818600037216e-01
1.027164515134386946e-01
1.020218965663818034e-01
1.020687005515913404e-01
1.014254849574916378e-01
1.018826922881908570e-01
1.012850117058421012e-01
1.017925047034190233e-01
1.012395389189151562e-01
1.017938441939760519e-01
1.020076884609015938e-01
1.022422990685628447e-01
1.024530757424931271e-01
1.027275886988470721e-01
1.030211116509914954e-01
1.033331123323926320e-01
1.036630842760787874e-01
1.040105447613374062e-01
1.043750329696060963e-01
1.051226744629474158e-01
1.055172991232510987e-01
1.062953800111926667e-01
1.067180110009107452e-01
1.075238634698759133e-01
1.079725042129709989e-01
1.088036018276304778e-01
1.096238245669173828e-01
1.101065079917580847e-01
1.109707477149723120e-01
1.118446235390684468e-01
1.127275042317369969e-01
1.136187710551471025e-01
1.144895425277007439e-01
1.153733163696127884e-01
1.162837391588959490e-01
1.172027443641843192e-01
1.181272194872875214e-01
1.190566088847776482e-01
1.199903659072634465e-01
1.209279525496254754e-01
1.218688391297058499e-01
1.228125039931055318e-01
1.237584332419787436e-01
1.247061204859388900e-01
1.256550666133503524e-01
1.266047795814543298e-01
1.275547742239439009e-01
1.285045720751379905e-01
1.294537012389206376e-01
1.304016962029950488e-01
1.313480976950543722e-01
1.322924525782380456e-01
1.332343137403098343e-01
1.341732399934698339e-01
1.351087959840804598e-01
1.360405521117260264e-01
1.369680844570104750e-01
1.378909747175960376e-01
1.388088101519809048e-01
1.397211835305785244e-01
1.406276930936861680e-01
1.415279425159530757e-01
1.424215408770053981e-01
1.433081026378743017e-01
1.441872476229455191e-01
1.450586010071276410e-01
1.459217933079639817e-01
1.467764603824527336e-01
1.476222434283446239e-01
1.484587889896595569e-01
1.492857489662807735e-01
1.501027806273623477e-01
1.509095466284342824e-01
1.517057150319853775e-01
1.524909593314079936e-01
1.532649584781175522e-01
1.540273969117579855e-01
1.547779645933064496e-01
1.555163570410449947e-01
1.562422753692001565e-01
1.569554263292313179e-01
1.576555223536623418e-01
1.583422816023654645e-01
1.590154280112762719e-01
1.596746913434637927e-01
1.603198072425611742e-01
1.609505172885137836e-01
1.615665690556677692e-01
1.621677161732406613e-01
1.627537183881927751e-01
1.633243416306005003e-01
1.638793580816369500e-01
1.644185462531212172e-01
1.649416910620580545e-01
1.654485838820621002e-01
1.659390226384390432e-01
1.664128118924166622e-01
1.668697629289988826e-01
1.673096938493000563e-01
1.677324296678353588e-01
1.681378024152957451e-01
1.685256512473764512e-01
1.688958225602988916e-01
1.692481701136390737e-01
1.695825551610907755e-01
1.698988465896837108e-01
1.701969210678476729e-01
1.704766632024055650e-01
1.707379657041514787e-01
1.709807295610062394e-01
1.712048642167419976e-01
1.714102877520064239e-01
1.715969270624883580e-01
1.717647180268769280e-01
1.719136056543627555e-01
1.720435441981835178e-01
1.721544972182089683e-01
1.722464375721263763e-01
1.723193473122983377e-01
1.723732174644957427e-01
1.724080476667717854e-01
1.724238456526189511e-01
1.724206265731796917e-01
1.723984121684766779e-01
1.723572298161919480e-01
1.722971115059287184e-01
1.722180928035822456e-01
1.721202118805403858e-01
1.720035086828712034e-01
1.718680243055677459e-01
1.717138006172683473e-01
1.715408801555475538e-01
1.713493062863708782e-01
1.711391235982407666e-01
1.709103784854500430e-01
1.706631198666832827e-01
1.703973999814924756e-01
1.701132752057654962e-01
1.698108069058045788e-01
1.694900622182456129e-01
1.691511147784774960e-01
1.687940453844521405e-01
1.684189425891054470e-01
1.680258996715105480e-01
1.676104135446707666e-01
1.671718040389955084e-01
1.667102302628015731e-01
1.662258599385341151e-01
1.657188693889964370e-01
1.651894435232979241e-01
1.646377758226568455e-01
1.640640683261034016e-01
1.634685316161611779e-01
1.628513848046159729e-01
1.622128555184257082e-01
1.615531798858993451e-01
1.608726025232153911e-01
1.601713765213956531e-01
1.594497634338217784e-01
1.587080332644381364e-01
1.579464644567205311e-01
1.571653438835533545e-01
1.563649668381319191e-01
1.555456370260182575e-01
1.547076665585053190e-01
1.538513759473971731e-01
1.529770941013952057e-01
1.520851583242114335e-01
1.511759143145935680e-01
1.502497161684125671e-01
1.493069263830279214e-01
1.483479158640421680e-01
1.473730639347438087e-01
1.463827583483269246e-01
1.453773953032058142e-01
1.443573794615742312e-01
1.433231239714785610e-01
1.422750504926404980e-01
1.412135892263019221e-01
1.401391789493362516e-01
1.390522670524844684e-01
1.379533095667145048e-01
1.368427712336013347e-01
1.357211255626803170e-01
1.345888548839060950e-01
1.334464504140278895e-01
1.322944123295921037e-01
1.311332498469758023e-01
1.299634813098962116e-01
1.287856342848252567e-01
1.276002456647982175e-01
1.264078617821043915e-01
1.252090385303632480e-01
1.240043414965428248e-01
1.227943461034706057e-01
1.215796377634121295e-01
1.203608120433559137e-01
1.191384748425703688e-01
1.179132425831495579e-01
1.166857424141743427e-01
1.154566124302125463e-01
1.142265019048434305e-01
1.129960715400525617e-01
1.117659937321894281e-01
1.105369528554739356e-01
1.093096455639219755e-01
1.080847811128323455e-01
1.068630817010327860e-01
1.056452828354101786e-01
1.044321337194694388e-01
1.032243976681763431e-01
1.020228525518003942e-01
1.008282912722250624e-01
9.964152227601694167e-02
9.846337010965386383e-02
9.729467602345230615e-02
9.613629863232900363e-02
9.498911464297077334e-02
9.385401965886257247e-02
9.273192907641095162e-02
9.162377908733575216e-02
9.053052780436023073e-02
8.945315652922741778e-02
8.839267118383201116e-02
8.735010392733028040e-02
8.632651498129990941e-02
8.532299469532152181e-02
8.434066588695039723e-02
8.338068647314780812e-02
8.244425244289622923e-02
8.153260120947952716e-02
8.064701538932854408e-02
7.978882705991569013e-02
7.895942255460720871e-02
7.816024785633796101e-02
7.739281465288577744e-02
7.665870711093621115e-02
7.595958940932864834e-02
7.529721403509409550e-02
7.467343077650417937e-02
7.409019622440425612e-02
7.354958338572470389e-02
7.305379067601028287e-02
7.260514902987683095e-02
7.220612507685136849e-02
7.185931721279183171e-02
7.156743996014039433e-02
7.133329045073051600e-02
7.115968976811662405e-02
7.104939243663978277e-02
7.100496128287586695e-02
7.102861373015700863e-02
7.112205870156231013e-02
7.128635588093451547e-02
7.152183271906714657e-02
7.182808297673992648e-02
7.220404676208472261e-02
7.264814829838613097e-02
7.315845627319124411e-02
7.373283534487261315e-02
7.436906985289451488e-02
7.506495369950957897e-02
7.581834904927450824e-02
7.662722036299493555e-02
7.748965083791113651e-02
7.840384727020507927e-02
7.936813784462404264e-02
8.038096595982720249e-02
8.144088211011044076e-02
8.254653509798801081e-02
8.369666334200062674e-02
8.489008633369798940e-02
8.612569699913058541e-02
8.740245470321172938e-02
8.871937894437294247e-02
9.007554371897302792e-02
9.147007250211634799e-02
9.290213378463087202e-02
9.437093710585545137e-02
9.587572952490794331e-02
9.741579247805855213e-02
9.899043897513375156e-02
1.005990110933464160e-01
1.022408777319968459e-01
1.039154325962023256e-01
1.056220923818624452e-01
1.073602951378056780e-01
1.091294987841763264e-01
1.109291797689156422e-01
1.127588318465333195e-01
1.146179649654634619e-01
1.165061042520070395e-01
1.184227890804505912e-01
1.203675722201719561e-01
1.223400190517880404e-01
1.243397068452465754e-01
1.263662240937126480e-01
1.284191698977625029e-01
3.345921908952195212e-01
3.316852542836429274e-01
3.288308132040583809e-01
3.260297561634147856e-01
3.232829352615174123e-01
3.205911670738422758e-01
3.179552343689543425e-01
3.153758886683482032e-01
3.128538536313464902e-01
3.103898292246686230e-01
3.079844966171522147e-01
3.056385237262086996e-01
3.033525713353097952e-01
3.011272997011795183e-01
2.989633755757794553e-01
2.968614795806944207e-01
2.948223138853623970e-01
2.928466101817618905e-01
2.909351379517008396e-01
2.890887130582538989e-01
2.873082067310742671e-01
2.855945550399351385e-01
2.839487689804252590e-01
2.823719453189300621e-01
2.808652783558205357e-01
2.794300727546600860e-01
2.780677575304744131e-01
2.767799011541716148e-01
2.755682274484247962e-01
2.744346314133782050e-01
2.733811931554236963e-01
2.724101864487043501e-01
2.715240758416778144e-01
2.707254924545627883e-01
2.700171741105921730e-01
2.694018521364559549e-01
2.688820696201257299e-01
2.684599309309811943e-01
2.681368136850836859e-01
2.679131122418606514e-01
2.677880983388753466e-01
2.677601562738965990e-01
2.678263635271164178e-01
2.679833888456586988e-01
2.682275691561399333e-01
2.685551399647862492e-01
2.689623415889282887e-01
2.694456323569148770e-01
2.700016827440312461e-01
2.706273924788480945e-01
2.713198885492859036e-01
2.720765129029264484e-01
7.732490206858433357e-02
7.354175249529787406e-02
6.932994674798613477e-02
6.597619581648371534e-02
6.196896004600032509e-02
5.855375090091271412e-02
5.477869072482447615e-02
5.157115603118279934e-02
4.804771202263157653e-02
4.467242444995372236e-02
4.181561817269532216e-02
3.872802005245881002e-02
3.580877214024082156e-02
3.334547855086118090e-02
3.074181366211073754e-02
2.836129951377176772e-02
2.597447890002273913e-02
2.371693509533193828e-02
2.093567290371271816e-02
1.945075897805551707e-02
1.702192412053005199e-02
1.580272208626271047e-02
1.429928850719529299e-02
1.296905437015019938e-02
1.182443555949487524e-02
1.110735012557463250e-02
1.057185173240019274e-02
1.033028939595574680e-02
1.027586597940473301e-02
1.041160876168981120e-02
1.073798480277063372e-02
1.125293021893125807e-02
1.195223150859372856e-02
1.283009574851061776e-02
1.387976430178311169e-02
1.509405573080108837e-02
1.646360246773457062e-02
1.797582184167898986e-02
1.962503675718103163e-02
2.140596744441095045e-02
2.331370253021833316e-02
2.534366619779128416e-02
2.749158584216002121e-02
2.975346194526458377e-02
3.212554073307378327e-02
3.460428967775445314e-02
3.718637569741915089e-02
3.986864582388835454e-02
4.264811008586441576e-02
4.552192635863706871e-02
4.848738694797251336e-02
5.154190669697243654e-02
5.468301252814883329e-02
5.790833427522228127e-02
6.121559570053574512e-02
6.460260728401430452e-02
6.806725956938000643e-02
7.160751716360672092e-02
7.522141334131976498e-02
7.890704518176228088e-02
8.266256917570186102e-02
8.648619724767014905e-02
9.037619314628467238e-02
9.433086916126565136e-02
9.834858313127965712e-02
1.024277357110348619e-01
1.065667678701946453e-01
1.107641585998709322e-01
1.150184228055182722e-01
1.193281093674570664e-01
1.236917993525772502e-01
1.281081043625466320e-01
1.325756650056340025e-01
1.370931494805794071e-01
1.416592522623388306e-01
1.462726928804971571e-01
1.509322147822705906e-01
1.556365842726963322e-01
1.603845895255503196e-01
1.651750396590003778e-01
1.700067638708028517e-01
1.748786106281211561e-01
1.797894469077848112e-01
1.847381574829339568e-01
1.897236442526303302e-01
1.947448256110915765e-01
1.998006358537218752e-01
2.048900246171702910e-01
2.100119563510781107e-01
2.151654098191803366e-01
2.203493776278394045e-01
2.255628657800237691e-01
2.308048932531422404e-01
2.360744915990280468e-01
2.413707045647616178e-01
2.466925877328617900e-01
2.520392081658928696e-01
2.574096438980327251e-01
2.628029839549380076e-01
2.682183279994332925e-01
2.736547859836649943e-01
2.791114778831853549e-01
2.845875334436541726e-01
2.900820919392879671e-01
2.955943019425196217e-01
3.011233211041258739e-01
3.066683159433545858e-01
3.122284616473895991e-01
3.178029418797777561e-01
3.233909485972030207e-01
3.289916818743091609e-01
3.346043497360139396e-01
3.402281679970642347e-01
3.458623601083370969e-01
3.515061570096644772e-01
3.571587969887449754e-01
3.628195255459650825e-01
3.684875952647129194e-01
3.741622656870423613e-01
3.798428031943295036e-01
3.855284808927670337e-01
3.912185785034337782e-01
3.969123822566983373e-01
4.026091847908511712e-01
4.083082850546492226e-01
4.140089882137305555e-01
4.197106055605972497e-01
4.254124544281337461e-01
4.311138581063879704e-01
4.368141457625925872e-01
4.425126523641669807e-01
4.482087186046977978e-01
4.539016908326455324e-01
4.595909209827941933e-01
4.652757665101992512e-01
4.709555903266615662e-01
4.766297607394954783e-01
4.822976513926287012e-01
4.879586412098126935e-01
4.936121143399802014e-01
4.992574601045518534e-01
5.048940731997523246e-01
5.105213534313723933e-01
5.161387053894210819e-01
5.217455386458846878e-01
5.273412677110109748e-01
5.329253119911008252e-01
5.384970957478889542e-01
5.440560480593289450e-01
5.496016027818511063e-01
5.551331985139200675e-01
5.606502785609632777e-01
5.661522909015007654e-01
5.716386881545575394e-01
5.771089275481789960e-01
5.825624708891443682e-01
5.879987845337137919e-01
5.934173393594792678e-01
5.988176107381752988e-01
6.041990785095273653e-01
6.095612269559904650e-01
6.149035447784488850e-01
6.202255250727535252e-01
6.255266653071493987e-01
6.308064673004828427e-01
6.360644372012496106e-01
6.413000854673547302e-01
6.465129268466713874e-01
6.517024803582549541e-01
6.568682692743079699e-01
6.620098211027538593e-01
6.671266675705143090e-01
6.722183446073534130e-01
6.772843923303835112e-01
6.823243550290953863e-01
6.873377811510126278e-01
6.923242232878284996e-01
6.972832381621383302e-01
7.022143866146098867e-01
7.071172335917217389e-01
7.119913481339066319e-01
7.168363033642251025e-01
7.216516764774211223e-01
7.264370487294734557e-01
7.311920054275045100e-01
7.359161360343291491e-01
