2.996580000000000000e+05
2.895480000000000000e+05
2.792720000000000000e+05
2.695740000000000000e+05
2.601060000000000000e+05
2.509690000000000000e+05
2.430350000000000000e+05
2.335180000000000000e+05
2.271350000000000000e+05
2.181460000000000000e+05
2.119940000000000000e+05
2.073920000000000000e+05
2.050500000000000000e+05
2.048520000000000000e+05
2.089100000000000000e+05
2.088440000000000000e+05
2.134950000000000000e+05
2.205870000000000000e+05
2.257830000000000000e+05
2.347550000000000000e+05
2.404130000000000000e+05
2.474890000000000000e+05
2.554390000000000000e+05
2.636690000000000000e+05
2.722460000000000000e+05
2.811030000000000000e+05
2.906030000000000000e+05
2.999060000000000000e+05
3.096040000000000000e+05
3.192690000000000000e+05
3.298090000000000000e+05
