4.671660000000000000e+05
4.554090000000000000e+05
4.451850000000000000e+05
4.356990000000000000e+05
4.216250000000000000e+05
4.095280000000000000e+05
3.989210000000000000e+05
3.869420000000000000e+05
3.753760000000000000e+05
3.641350000000000000e+05
3.530560000000000000e+05
3.419620000000000000e+05
3.315170000000000000e+05
3.205560000000000000e+05
3.101410000000000000e+05
3.002120000000000000e+05
2.892220000000000000e+05
2.792640000000000000e+05
2.695860000000000000e+05
2.604400000000000000e+05
2.509540000000000000e+05
2.423530000000000000e+05
2.334280000000000000e+05
2.279110000000000000e+05
2.201060000000000000e+05
2.119040000000000000e+05
2.083190000000000000e+05
2.056930000000000000e+05
2.049260000000000000e+05
2.094700000000000000e+05
2.097500000000000000e+05
