-1.000000000000000000e+00
-1.000000000000000000e+00
-1.000000000000000000e+00
-1.000000000000000000e+00
-1.000000000000000000e+00
-1.000000000000000000e+00
-1.000000000000000000e+00
-1.000000000000000000e+00
-1.000000000000000000e+00
-1.000000000000000000e+00
-1.000000000000000000e+00
-1.000000000000000000e+00
-1.000000000000000000e+00
-1.000000000000000000e+00
-1.000000000000000000e+00
-1.000000000000000000e+00
4.581980000000000000e+05
4.509670000000000000e+05
4.326680000000000000e+05
4.210520000000000000e+05
4.095410000000000000e+05
4.012370000000000000e+05
3.870550000000000000e+05
3.753800000000000000e+05
3.648840000000000000e+05
3.532210000000000000e+05
3.419550000000000000e+05
3.310610000000000000e+05
3.203320000000000000e+05
3.097650000000000000e+05
2.993850000000000000e+05
