3.862710000000000000e+05
3.702380000000000000e+05
3.593250000000000000e+05
3.482360000000000000e+05
3.364910000000000000e+05
3.256740000000000000e+05
3.159450000000000000e+05
3.045520000000000000e+05
2.942960000000000000e+05
2.842310000000000000e+05
2.743900000000000000e+05
2.651250000000000000e+05
2.554760000000000000e+05
2.473640000000000000e+05
2.386590000000000000e+05
2.295060000000000000e+05
2.230740000000000000e+05
2.151050000000000000e+05
2.118250000000000000e+05
2.056000000000000000e+05
2.030560000000000000e+05
2.045760000000000000e+05
2.089130000000000000e+05
2.125610000000000000e+05
2.177290000000000000e+05
2.236820000000000000e+05
2.298580000000000000e+05
2.375870000000000000e+05
2.443560000000000000e+05
2.516680000000000000e+05
2.595090000000000000e+05
